1    0
2    0
3    0
4    0
5    0
6    0
7    0
8    0
9    0
10    0
11    0
12    0
13    0
14    0
15    0
16    0
17    0
18    0
19    0
20    0
21    0
22    0
23    0
24    0
25    0
26    0
27    0
28    0
29    0
30    0
31    0
32    0
33    0
34    0
35    0
36    0
37    0
38    0
39    0
40    0
41    0
42    0
43    0
44    0
45    0
46    0
47    0
48    0
49    0
50    0
51    0
52    0
53    0
54    0
55    0
56    0
57    0
58    0
59    0
60    0
61    0
62    0
63    0
64    0
65    0
66    0
67    0
68    0
69    0
70    0
71    0
72    0
73    0
74    0
75    0
76    0
77    0
78    0
79    0
80    0
81    0
82    0
83    0
84    0
85    0
86    0
87    0
88    0
89    0
90    0
91    0
92    0
93    0
94    0
95    0
96    0
97    0
98    0
99    0
100    0
101    0
102    0
103    0
104    0
105    0
106    0
107    0
108    0
109    0
110    0
111    0
112    0
113    0
114    0
115    0
116    0
117    0
118    0
119    0
120    0
121    0
122    0
123    0
124    0
125    0
126    0
127    0
128    0
129    0
130    0
131    0
132    0
133    0
134    0
135    0
136    0
137    0
138    0
139    0
140    0
141    0
142    0
143    0
144    0
145    0
146    0
147    0
148    0
149    0
150    0
151    0
152    0
153    0
154    0
155    0
156    0
157    0
158    0
159    0
160    0
161    0
162    0
163    0
164    0
165    0
166    0
167    0
168    0
169    0
170    0
171    0
172    0
173    0
174    0
175    0
176    0
177    0
178    0
179    0
180    0
181    0
182    0
183    0
184    0
185    0
186    0
187    0
188    0
189    0
190    0
191    0
192    0
193    0
194    0
195    0
196    0
197    0
198    0
199    0
200    0
201    0
202    0
203    0
204    0
205    0
206    0
207    0
208    0
209    0
210    0
211    0
212    0
213    0
214    0
215    0
216    0
217    0
218    0
219    0
220    0
221    0
222    0
223    0
224    0
225    0
226    0
227    0
228    0
229    0
230    0
231    0
232    0
233    0
234    0
235    0
236    0
237    0
238    0
239    0
240    0
241    0
242    0
243    0
244    0
245    0
246    0
247    0
248    0
249    0
250    0
251    0
252    0
253    0
254    0
255    0
256    0
257    0
258    0
259    0
260    0
261    0
262    0
263    0
264    0
265    0
266    0
267    0
268    0
269    0
270    0
271    0
272    0
273    0
274    0
275    0
276    0
277    0
278    0
279    0
280    0
281    0
282    0
283    0
284    0
285    0
286    0
287    0
288    0
289    0
290    0
291    0
292    0
293    0
294    0
295    0
296    0
297    0
298    0
299    0
300    0
301    0
302    0
303    0
304    0
305    0
306    0
307    1
308    1
309    1
310    1
311    1
312    1
313    1
314    1
315    1
316    1
317    1
318    1
319    1
320    1
321    1
322    1
323    1
324    1
325    1
326    1
327    1
328    1
329    1
330    1
331    1
332    1
333    1
334    1
335    1
336    1
337    1
338    1
339    1
340    1
341    1
342    1
343    1
344    1
345    1
346    1
347    1
348    1
349    1
350    1
351    1
352    1
353    1
354    1
355    1
356    1
357    1
358    1
359    1
360    1
361    2
362    2
363    2
364    2
365    2
366    2
367    2
368    2
369    2
370    2
371    2
372    2
373    2
374    2
375    2
376    2
377    2
378    2
379    3
380    3
381    3
382    3
383    3
384    3
385    3
386    3
387    3
388    3
389    3
390    3
391    3
392    3
393    3
394    3
395    3
396    3
397    2
398    2
399    2
400    2
401    2
402    2
403    2
404    2
405    2
406    2
407    2
408    2
409    2
410    2
411    2
412    2
413    2
414    2
415    2
416    2
417    2
418    2
419    2
420    2
421    2
422    2
423    2
424    2
425    2
426    2
427    2
428    2
429    2
430    2
431    2
432    2
433    3
434    3
435    3
436    3
437    3
438    3
439    3
440    3
441    3
442    3
443    3
444    3
445    3
446    3
447    3
448    3
449    3
450    3
451    3
452    3
453    3
454    3
455    3
456    3
457    3
458    3
459    3
460    3
461    3
462    3
463    3
464    3
465    3
466    3
467    3
468    3
469    4
470    4
471    4
472    4
473    4
474    4
475    4
476    4
477    4
478    4
479    4
480    4
481    4
482    4
483    4
484    4
485    4
486    4
487    4
488    4
489    4
490    4
491    4
492    4
493    4
494    4
495    4
496    4
497    4
498    4
499    4
500    4
501    4
502    4
503    4
504    4
505    3
506    3
507    3
508    3
509    3
510    3
511    3
512    3
513    3
514    3
515    3
516    3
517    3
518    3
519    3
520    3
521    3
522    3
523    3
524    3
525    3
526    3
527    3
528    3
529    3
530    3
531    3
532    3
533    3
534    3
535    3
536    3
537    3
538    3
539    3
540    3
541    3
542    3
543    3
544    3
545    3
546    3
547    3
548    3
549    3
550    3
551    3
552    3
553    3
554    3
555    3
556    3
557    3
558    3
559    2
560    2
561    2
562    2
563    2
564    2
565    2
566    2
567    2
568    2
569    2
570    2
571    2
572    2
573    2
574    2
575    2
576    2
577    1
578    1
579    1
580    1
581    1
582    1
583    1
584    1
585    1
586    1
587    1
588    1
589    1
590    1
591    1
592    1
593    1
594    1
595    1
596    1
597    1
598    1
599    1
600    1
601    1
602    1
603    1
604    1
605    1
606    1
607    1
608    1
609    1
610    1
611    1
612    1
613    1
614    1
615    1
616    1
617    1
618    1
619    1
620    1
621    1
622    1
623    1
624    1
625    1
626    1
627    1
628    1
629    1
630    1
631    2
632    2
633    2
634    2
635    2
636    2
637    2
638    2
639    2
640    2
641    2
642    2
643    2
644    2
645    2
646    2
647    2
648    2
649    3
650    3
651    3
652    3
653    3
654    3
655    3
656    3
657    3
658    3
659    3
660    3
661    3
662    3
663    3
664    3
665    3
666    3
667    3
668    3
669    3
670    3
671    3
672    3
673    3
674    3
675    3
676    3
677    3
678    3
679    3
680    3
681    3
682    3
683    3
684    3
685    3
686    3
687    3
688    3
689    3
690    3
691    3
692    3
693    3
694    3
695    3
696    3
697    3
698    3
699    3
700    3
701    3
702    3
703    2
704    2
705    2
706    2
707    2
708    2
709    2
710    2
711    2
712    2
713    2
714    2
715    2
716    2
717    2
718    2
719    2
720    2
721    3
722    3
723    3
724    3
725    3
726    3
727    3
728    3
729    3
730    3
731    3
732    3
733    3
734    3
735    3
736    3
737    3
738    3
739    3
740    3
741    3
742    3
743    3
744    3
745    3
746    3
747    3
748    3
749    3
750    3
751    3
752    3
753    3
754    3
755    3
756    3
757    2
758    2
759    2
760    2
761    2
762    2
763    2
764    2
765    2
766    2
767    2
768    2
769    2
770    2
771    2
772    2
773    2
774    2
775    1
776    1
777    1
778    1
779    1
780    1
781    1
782    1
783    1
784    1
785    1
786    1
787    1
788    1
789    1
790    1
791    1
792    1
793    2
794    2
795    2
796    2
797    2
798    2
799    2
800    2
801    2
802    2
803    2
804    2
805    2
806    2
807    2
808    2
809    2
810    2
811    3
812    3
813    3
814    3
815    3
816    3
817    3
818    3
819    3
820    3
821    3
822    3
823    3
824    3
825    3
826    3
827    3
828    3
829    2
830    2
831    2
832    2
833    2
834    2
835    2
836    2
837    2
838    2
839    2
840    2
841    2
842    2
843    2
844    2
845    2
846    2
847    4
848    4
849    4
850    4
851    4
852    4
853    4
854    4
855    4
856    4
857    4
858    4
859    4
860    4
861    4
862    4
863    4
864    4
865    3
866    3
867    3
868    3
869    3
870    3
871    3
872    3
873    3
874    3
875    3
876    3
877    3
878    3
879    3
880    3
881    3
882    3
883    4
884    4
885    4
886    4
887    4
888    4
889    4
890    4
891    4
892    4
893    4
894    4
895    4
896    4
897    4
898    4
899    4
900    4
901    3
902    3
903    3
904    3
905    3
906    3
907    3
908    3
909    3
910    3
911    3
912    3
913    3
914    3
915    3
916    3
917    3
918    3
919    6
920    6
921    6
922    6
923    6
924    6
925    6
926    6
927    6
928    6
929    6
930    6
931    6
932    6
933    6
934    6
935    6
936    6
937    4
938    4
939    4
940    4
941    4
942    4
943    4
944    4
945    4
946    4
947    4
948    4
949    4
950    4
951    4
952    4
953    4
954    4
955    4
956    4
957    4
958    4
959    4
960    4
961    4
962    4
963    4
964    4
965    4
966    4
967    4
968    4
969    4
970    4
971    4
972    4
973    2
974    2
975    2
976    2
977    2
978    2
979    2
980    2
981    2
982    2
983    2
984    2
985    2
986    2
987    2
988    2
989    2
990    2
991    3
992    3
993    3
994    3
995    3
996    3
997    3
998    3
999    3
1000    3
1001    3
1002    3
1003    3
1004    3
1005    3
1006    3
1007    3
1008    3
1009    4
1010    4
1011    4
1012    4
1013    4
1014    4
1015    4
1016    4
1017    4
1018    4
1019    4
1020    4
1021    4
1022    4
1023    4
1024    4
1025    4
1026    4
1027    5
1028    5
1029    5
1030    5
1031    5
1032    5
1033    5
1034    5
1035    5
1036    5
1037    5
1038    5
1039    5
1040    5
1041    5
1042    5
1043    5
1044    5
1045    7
1046    7
1047    7
1048    7
1049    7
1050    7
1051    7
1052    7
1053    7
1054    7
1055    7
1056    7
1057    7
1058    7
1059    7
1060    7
1061    7
1062    7
1063    7
1064    7
1065    7
1066    7
1067    7
1068    7
1069    7
1070    7
1071    7
1072    7
1073    7
1074    7
1075    7
1076    7
1077    7
1078    7
1079    7
1080    7
1081    7
1082    7
1083    7
1084    7
1085    7
1086    7
1087    7
1088    7
1089    7
1090    7
1091    7
1092    7
1093    7
1094    7
1095    7
1096    7
1097    7
1098    7
1099    13
1100    13
1101    13
1102    13
1103    13
1104    13
1105    13
1106    13
1107    13
1108    13
1109    13
1110    13
1111    13
1112    13
1113    13
1114    13
1115    13
1116    13
1117    15
1118    15
1119    15
1120    15
1121    15
1122    15
1123    15
1124    15
1125    15
1126    15
1127    15
1128    15
1129    15
1130    15
1131    15
1132    15
1133    15
1134    15
1135    13
1136    13
1137    13
1138    13
1139    13
1140    13
1141    13
1142    13
1143    13
1144    13
1145    13
1146    13
1147    13
1148    13
1149    13
1150    13
1151    13
1152    13
1153    12
1154    12
1155    12
1156    12
1157    12
1158    12
1159    12
1160    12
1161    12
1162    12
1163    12
1164    12
1165    12
1166    12
1167    12
1168    12
1169    12
1170    12
1171    9
1172    9
1173    9
1174    9
1175    9
1176    9
1177    9
1178    9
1179    9
1180    9
1181    9
1182    9
1183    9
1184    9
1185    9
1186    9
1187    9
1188    9
1189    5
1190    5
1191    5
1192    5
1193    5
1194    5
1195    5
1196    5
1197    5
1198    5
1199    5
1200    5
1201    5
1202    5
1203    5
1204    5
1205    5
1206    5
1207    4
1208    4
1209    4
1210    4
1211    4
1212    4
1213    4
1214    4
1215    4
1216    4
1217    4
1218    4
1219    4
1220    4
1221    4
1222    4
1223    4
1224    4
1225    8
1226    8
1227    8
1228    8
1229    8
1230    8
1231    8
1232    8
1233    8
1234    8
1235    8
1236    8
1237    8
1238    8
1239    8
1240    8
1241    8
1242    8
1243    6
1244    6
1245    6
1246    6
1247    6
1248    6
1249    6
1250    6
1251    6
1252    6
1253    6
1254    6
1255    6
1256    6
1257    6
1258    6
1259    6
1260    6
1261    3
1262    3
1263    3
1264    3
1265    3
1266    3
1267    3
1268    3
1269    3
1270    3
1271    3
1272    3
1273    3
1274    3
1275    3
1276    3
1277    3
1278    3
1279    2
1280    2
1281    2
1282    2
1283    2
1284    2
1285    2
1286    2
1287    2
1288    2
1289    2
1290    2
1291    2
1292    2
1293    2
1294    2
1295    2
1296    2
1297    6
1298    6
1299    6
1300    6
1301    6
1302    6
1303    6
1304    6
1305    6
1306    6
1307    6
1308    6
1309    6
1310    6
1311    6
1312    6
1313    6
1314    6
1315    8
1316    8
1317    8
1318    8
1319    8
1320    8
1321    8
1322    8
1323    8
1324    8
1325    8
1326    8
1327    8
1328    8
1329    8
1330    8
1331    8
1332    8
1333    9
1334    9
1335    9
1336    9
1337    9
1338    9
1339    9
1340    9
1341    9
1342    9
1343    9
1344    9
1345    9
1346    9
1347    9
1348    9
1349    9
1350    9
1351    9
1352    9
1353    9
1354    9
1355    9
1356    9
1357    9
1358    9
1359    9
1360    9
1361    9
1362    9
1363    9
1364    9
1365    9
1366    9
1367    9
1368    9
1369    13
1370    13
1371    13
1372    13
1373    13
1374    13
1375    13
1376    13
1377    13
1378    13
1379    13
1380    13
1381    13
1382    13
1383    13
1384    13
1385    13
1386    13
1387    13
1388    13
1389    13
1390    13
1391    13
1392    13
1393    13
1394    13
1395    13
1396    13
1397    13
1398    13
1399    13
1400    13
1401    13
1402    13
1403    13
1404    13
1405    9
1406    9
1407    9
1408    9
1409    9
1410    9
1411    9
1412    9
1413    9
1414    9
1415    9
1416    9
1417    9
1418    9
1419    9
1420    9
1421    9
1422    9
1423    14
1424    14
1425    14
1426    14
1427    14
1428    14
1429    14
1430    14
1431    14
1432    14
1433    14
1434    14
1435    14
1436    14
1437    14
1438    14
1439    14
1440    14
1441    10
1442    10
1443    10
1444    10
1445    10
1446    10
1447    10
1448    10
1449    10
1450    10
1451    10
1452    10
1453    9
1454    9
1455    9
1456    9
1457    9
1458    9
1459    11
1460    11
1461    11
1462    11
1463    11
1464    11
1465    11
1466    11
1467    11
1468    11
1469    11
1470    11
1471    11
1472    11
1473    11
1474    11
1475    11
1476    11
1477    9
1478    9
1479    9
1480    9
1481    9
1482    9
1483    9
1484    9
1485    9
1486    9
1487    9
1488    9
1489    8
1490    8
1491    8
1492    8
1493    8
1494    8
1495    12
1496    12
1497    12
1498    12
1499    12
1500    12
1501    12
1502    12
1503    12
1504    12
1505    12
1506    12
1507    12
1508    12
1509    12
1510    12
1511    12
1512    12
1513    15
1514    15
1515    15
1516    15
1517    15
1518    15
1519    15
1520    15
1521    15
1522    15
1523    15
1524    15
1525    13
1526    13
1527    13
1528    13
1529    13
1530    13
1531    19
1532    19
1533    19
1534    19
1535    19
1536    19
1537    18
1538    18
1539    18
1540    18
1541    18
1542    18
1543    18
1544    18
1545    18
1546    18
1547    18
1548    18
1549    29
1550    29
1551    29
1552    29
1553    29
1554    29
1555    29
1556    29
1557    29
1558    29
1559    29
1560    29
1561    26
1562    26
1563    26
1564    26
1565    26
1566    26
1567    30
1568    30
1569    30
1570    30
1571    30
1572    30
1573    27
1574    27
1575    27
1576    27
1577    27
1578    27
1579    27
1580    27
1581    27
1582    27
1583    27
1584    27
1585    38
1586    38
1587    38
1588    38
1589    38
1590    38
1591    38
1592    38
1593    38
1594    38
1595    38
1596    38
1597    29
1598    29
1599    29
1600    29
1601    29
1602    29
1603    31
1604    31
1605    31
1606    31
1607    31
1608    31
1609    27
1610    27
1611    27
1612    27
1613    27
1614    27
1615    27
1616    27
1617    27
1618    27
1619    27
1620    27
1621    38
1622    38
1623    38
1624    38
1625    38
1626    38
1627    38
1628    38
1629    38
1630    38
1631    38
1632    38
1633    33
1634    33
1635    33
1636    33
1637    33
1638    33
1639    49
1640    49
1641    49
1642    49
1643    49
1644    49
1645    39
1646    39
1647    39
1648    39
1649    39
1650    39
1651    39
1652    39
1653    39
1654    39
1655    39
1656    39
1657    57
1658    57
1659    57
1660    57
1661    57
1662    57
1663    57
1664    57
1665    57
1666    57
1667    57
1668    57
1669    47
1670    47
1671    47
1672    47
1673    47
1674    47
1675    82
1676    82
1677    82
1678    82
1679    82
1680    82
1681    62
1682    62
1683    62
1684    62
1685    62
1686    62
1687    62
1688    62
1689    62
1690    62
1691    62
1692    62
1693    76
1694    76
1695    76
1696    76
1697    76
1698    76
1699    76
1700    76
1701    76
1702    76
1703    76
1704    76
1705    52
1706    52
1707    52
1708    52
1709    52
1710    52
1711    93
1712    93
1713    93
1714    93
1715    93
1716    93
1717    62
1718    62
1719    62
1720    62
1721    62
1722    62
1723    62
1724    62
1725    62
1726    62
1727    62
1728    62
1729    67
1730    67
1731    67
1732    67
1733    67
1734    67
1735    67
1736    67
1737    67
1738    67
1739    67
1740    67
1741    46
1742    46
1743    46
1744    46
1745    46
1746    46
1747    83
1748    83
1749    83
1750    83
1751    83
1752    83
1753    61
1754    61
1755    61
1756    61
1757    61
1758    61
1759    61
1760    61
1761    61
1762    61
1763    61
1764    61
1765    71
1766    71
1767    71
1768    71
1769    71
1770    71
1771    71
1772    71
1773    71
1774    71
1775    71
1776    71
1777    43
1778    43
1779    43
1780    43
1781    43
1782    43
1783    85
1784    85
1785    85
1786    85
1787    85
1788    85
1789    50
1790    50
1791    50
1792    50
1793    50
1794    50
1795    50
1796    50
1797    50
1798    50
1799    50
1800    50
1801    69
1802    69
1803    69
1804    69
1805    69
1806    69
1807    69
1808    69
1809    69
1810    69
1811    69
1812    69
1813    43
1814    43
1815    43
1816    43
1817    43
1818    43
1819    83
1820    83
1821    83
1822    83
1823    83
1824    83
1825    49
1826    49
1827    49
1828    49
1829    49
1830    49
1831    49
1832    49
1833    49
1834    49
1835    49
1836    49
1837    63
1838    63
1839    63
1840    63
1841    63
1842    63
1843    63
1844    63
1845    63
1846    63
1847    63
1848    63
1849    37
1850    37
1851    37
1852    37
1853    37
1854    37
1855    75
1856    75
1857    75
1858    75
1859    75
1860    75
1861    43
1862    43
1863    43
1864    43
1865    43
1866    43
1867    43
1868    43
1869    43
1870    43
1871    43
1872    43
1873    54
1874    54
1875    54
1876    54
1877    54
1878    54
1879    54
1880    54
1881    54
1882    54
1883    54
1884    54
1885    36
1886    36
1887    36
1888    36
1889    36
1890    36
1891    88
1892    88
1893    88
1894    88
1895    88
1896    88
1897    55
1898    55
1899    55
1900    55
1901    55
1902    55
1903    55
1904    55
1905    55
1906    55
1907    55
1908    55
1909    64
1910    64
1911    64
1912    64
1913    64
1914    64
1915    64
1916    64
1917    64
1918    64
1919    64
1920    64
1921    34
1922    34
1923    34
1924    34
1925    34
1926    34
1927    84
1928    84
1929    84
1930    84
1931    84
1932    84
1933    53
1934    53
1935    53
1936    53
1937    53
1938    53
1939    53
1940    53
1941    53
1942    53
1943    53
1944    53
1945    70
1946    70
1947    70
1948    70
1949    70
1950    70
1951    70
1952    70
1953    70
1954    70
1955    70
1956    70
1957    39
1958    39
1959    39
1960    39
1961    39
1962    39
1963    92
1964    92
1965    92
1966    92
1967    92
1968    92
1969    51
1970    51
1971    51
1972    51
1973    51
1974    51
1975    51
1976    51
1977    51
1978    51
1979    51
1980    51
1981    64
1982    64
1983    64
1984    64
1985    64
1986    64
1987    64
1988    64
1989    64
1990    64
1991    64
1992    64
1993    38
1994    38
1995    38
1996    38
1997    38
1998    38
1999    79
2000    79
2001    79
2002    79
2003    79
2004    79
2005    52
2006    52
2007    52
2008    52
2009    52
2010    52
2011    52
2012    52
2013    52
2014    52
2015    52
2016    52
2017    65
2018    65
2019    65
2020    65
2021    65
2022    65
2023    65
2024    65
2025    65
2026    65
2027    65
2028    65
2029    33
2030    33
2031    33
2032    33
2033    33
2034    33
2035    83
2036    83
2037    83
2038    83
2039    83
2040    83
2041    49
2042    49
2043    49
2044    49
2045    49
2046    49
2047    49
2048    49
2049    49
2050    49
2051    49
2052    49
2053    59
2054    59
2055    59
2056    59
2057    59
2058    59
2059    59
2060    59
2061    59
2062    59
2063    59
2064    59
2065    21
2066    21
2067    21
2068    21
2069    21
2070    21
2071    61
2072    61
2073    61
2074    61
2075    61
2076    61
2077    40
2078    40
2079    40
2080    40
2081    40
2082    40
2083    40
2084    40
2085    40
2086    40
2087    40
2088    40
2089    54
2090    54
2091    54
2092    54
2093    54
2094    54
2095    54
2096    54
2097    54
2098    54
2099    54
2100    54
2101    32
2102    32
2103    32
2104    32
2105    32
2106    32
2107    85
2108    85
2109    85
2110    85
2111    85
2112    85
2113    47
2114    47
2115    47
2116    47
2117    47
2118    47
2119    47
2120    47
2121    47
2122    47
2123    47
2124    47
2125    66
2126    66
2127    66
2128    66
2129    66
2130    66
2131    66
2132    66
2133    66
2134    66
2135    66
2136    66
2137    39
2138    39
2139    39
2140    39
2141    39
2142    39
2143    95
2144    95
2145    95
2146    95
2147    95
2148    95
2149    48
2150    48
2151    48
2152    48
2153    48
2154    48
2155    48
2156    48
2157    48
2158    48
2159    48
2160    48
2161    69
2162    69
2163    69
2164    69
2165    69
2166    69
2167    69
2168    69
2169    69
2170    69
2171    69
2172    69
2173    39
2174    39
2175    39
2176    39
2177    39
2178    39
2179    84
2180    84
2181    84
2182    84
2183    84
2184    84
2185    58
2186    58
2187    58
2188    58
2189    58
2190    58
2191    58
2192    58
2193    58
2194    58
2195    58
2196    58
2197    73
2198    73
2199    73
2200    73
2201    73
2202    73
2203    73
2204    73
2205    73
2206    73
2207    73
2208    73
2209    35
2210    35
2211    35
2212    35
2213    35
2214    35
2215    76
2216    76
2217    76
2218    76
2219    76
2220    76
2221    46
2222    46
2223    46
2224    46
2225    46
2226    46
2227    46
2228    46
2229    46
2230    46
2231    46
2232    46
2233    60
2234    60
2235    60
2236    60
2237    60
2238    60
2239    60
2240    60
2241    60
2242    60
2243    60
2244    60
2245    32
2246    32
2247    32
2248    32
2249    32
2250    32
2251    67
2252    67
2253    67
2254    67
2255    67
2256    67
2257    47
2258    47
2259    47
2260    47
2261    47
2262    47
2263    47
2264    47
2265    47
2266    47
2267    47
2268    47
2269    54
2270    54
2271    54
2272    54
2273    54
2274    54
2275    54
2276    54
2277    54
2278    54
2279    54
2280    54
2281    32
2282    32
2283    32
2284    32
2285    32
2286    32
2287    82
2288    82
2289    82
2290    82
2291    82
2292    82
2293    57
2294    57
2295    57
2296    57
2297    57
2298    57
2299    57
2300    57
2301    57
2302    57
2303    57
2304    57
2305    73
2306    73
2307    73
2308    73
2309    73
2310    73
2311    73
2312    73
2313    73
2314    73
2315    73
2316    73
2317    39
2318    39
2319    39
2320    39
2321    39
2322    39
2323    95
2324    95
2325    95
2326    95
2327    95
2328    95
2329    58
2330    58
2331    58
2332    58
2333    58
2334    58
2335    58
2336    58
2337    58
2338    58
2339    58
2340    58
2341    68
2342    68
2343    68
2344    68
2345    68
2346    68
2347    68
2348    68
2349    68
2350    68
2351    68
2352    68
2353    37
2354    37
2355    37
2356    37
2357    37
2358    37
2359    81
2360    81
2361    81
2362    81
2363    81
2364    81
2365    48
2366    48
2367    48
2368    48
2369    48
2370    48
2371    48
2372    48
2373    48
2374    48
2375    48
2376    48
2377    66
2378    66
2379    66
2380    66
2381    66
2382    66
2383    66
2384    66
2385    66
2386    66
2387    66
2388    66
2389    39
2390    39
2391    39
2392    39
2393    39
2394    39
2395    74
2396    74
2397    74
2398    74
2399    74
2400    74
2401    36
2402    36
2403    36
2404    36
2405    36
2406    36
2407    36
2408    36
2409    36
2410    36
2411    36
2412    36
2413    54
2414    54
2415    54
2416    54
2417    54
2418    54
2419    54
2420    54
2421    54
2422    54
2423    54
2424    54
2425    34
2426    34
2427    34
2428    34
2429    34
2430    34
2431    87
2432    87
2433    87
2434    87
2435    87
2436    87
2437    52
2438    52
2439    52
2440    52
2441    52
2442    52
2443    52
2444    52
2445    52
2446    52
2447    52
2448    52
2449    72
2450    72
2451    72
2452    72
2453    72
2454    72
2455    72
2456    72
2457    72
2458    72
2459    72
2460    72
2461    42
2462    42
2463    42
2464    42
2465    42
2466    42
2467    89
2468    89
2469    89
2470    89
2471    89
2472    89
2473    53
2474    53
2475    53
2476    53
2477    53
2478    53
2479    53
2480    53
2481    53
2482    53
2483    53
2484    53
2485    67
2486    67
2487    67
2488    67
2489    67
2490    67
2491    67
2492    67
2493    67
2494    67
2495    67
2496    67
2497    38
2498    38
2499    38
2500    38
2501    38
2502    38
2503    91
2504    91
2505    91
2506    91
2507    91
2508    91
2509    53
2510    53
2511    53
2512    53
2513    53
2514    53
2515    53
2516    53
2517    53
2518    53
2519    53
2520    53
2521    74
2522    74
2523    74
2524    74
2525    74
2526    74
2527    74
2528    74
2529    74
2530    74
2531    74
2532    74
2533    46
2534    46
2535    46
2536    46
2537    46
2538    46
2539    104
2540    104
2541    104
2542    104
2543    104
2544    104
2545    62
2546    62
2547    62
2548    62
2549    62
2550    62
2551    62
2552    62
2553    62
2554    62
2555    62
2556    62
2557    73
2558    73
2559    73
2560    73
2561    73
2562    73
2563    73
2564    73
2565    73
2566    73
2567    73
2568    73
2569    38
2570    38
2571    38
2572    38
2573    38
2574    38
2575    81
2576    81
2577    81
2578    81
2579    81
2580    81
2581    35
2582    35
2583    35
2584    35
2585    35
2586    35
2587    35
2588    35
2589    35
2590    35
2591    35
2592    35
2593    47
2594    47
2595    47
2596    47
2597    47
2598    47
2599    47
2600    47
2601    47
2602    47
2603    47
2604    47
2605    24
2606    24
2607    24
2608    24
2609    24
2610    24
2611    63
2612    63
2613    63
2614    63
2615    63
2616    63
2617    26
2618    26
2619    26
2620    26
2621    26
2622    26
2623    26
2624    26
2625    26
2626    26
2627    26
2628    26
2629    39
2630    39
2631    39
2632    39
2633    39
2634    39
2635    39
2636    39
2637    39
2638    39
2639    39
2640    39
2641    16
2642    16
2643    16
2644    16
2645    16
2646    16
2647    54
2648    54
2649    54
2650    54
2651    54
2652    54
2653    33
2654    33
2655    33
2656    33
2657    33
2658    33
2659    33
2660    33
2661    33
2662    33
2663    33
2664    33
2665    45
2666    45
2667    45
2668    45
2669    45
2670    45
2671    45
2672    45
2673    45
2674    45
2675    45
2676    45
2677    20
2678    20
2679    20
2680    20
2681    20
2682    20
2683    69
2684    69
2685    69
2686    69
2687    69
2688    69
2689    44
2690    44
2691    44
2692    44
2693    44
2694    44
2695    44
2696    44
2697    44
2698    44
2699    44
2700    44
2701    66
2702    66
2703    66
2704    66
2705    66
2706    66
2707    66
2708    66
2709    66
2710    66
2711    66
2712    66
2713    38
2714    38
2715    38
2716    38
2717    38
2718    38
2719    87
2720    87
2721    87
2722    87
2723    87
2724    87
2725    49
2726    49
2727    49
2728    49
2729    49
2730    49
2731    49
2732    49
2733    49
2734    49
2735    49
2736    49
2737    66
2738    66
2739    66
2740    66
2741    66
2742    66
2743    66
2744    66
2745    66
2746    66
2747    66
2748    66
2749    34
2750    34
2751    34
2752    34
2753    34
2754    34
2755    91
2756    91
2757    91
2758    91
2759    91
2760    91
2761    57
2762    57
2763    57
2764    57
2765    57
2766    57
2767    57
2768    57
2769    57
2770    57
2771    57
2772    57
2773    82
2774    82
2775    82
2776    82
2777    82
2778    82
2779    82
2780    82
2781    82
2782    82
2783    82
2784    82
2785    41
2786    41
2787    41
2788    41
2789    41
2790    41
2791    86
2792    86
2793    86
2794    86
2795    86
2796    86
2797    56
2798    56
2799    56
2800    56
2801    56
2802    56
2803    56
2804    56
2805    56
2806    56
2807    56
2808    56
2809    84
2810    84
2811    84
2812    84
2813    84
2814    84
2815    84
2816    84
2817    84
2818    84
2819    84
2820    84
2821    47
2822    47
2823    47
2824    47
2825    47
2826    47
2827    93
2828    93
2829    93
2830    93
2831    93
2832    93
2833    48
2834    48
2835    48
2836    48
2837    48
2838    48
2839    48
2840    48
2841    48
2842    48
2843    48
2844    48
2845    74
2846    74
2847    74
2848    74
2849    74
2850    74
2851    74
2852    74
2853    74
2854    74
2855    74
2856    74
2857    42
2858    42
2859    42
2860    42
2861    42
2862    42
2863    88
2864    88
2865    88
2866    88
2867    88
2868    88
2869    50
2870    50
2871    50
2872    50
2873    50
2874    50
2875    50
2876    50
2877    50
2878    50
2879    50
2880    50
2881    66
2882    66
2883    66
2884    66
2885    66
2886    66
2887    66
2888    66
2889    66
2890    66
2891    66
2892    66
2893    37
2894    37
2895    37
2896    37
2897    37
2898    37
2899    79
2900    79
2901    79
2902    79
2903    79
2904    79
2905    44
2906    44
2907    44
2908    44
2909    44
2910    44
2911    44
2912    44
2913    44
2914    44
2915    44
2916    44
2917    67
2918    67
2919    67
2920    67
2921    67
2922    67
2923    67
2924    67
2925    67
2926    67
2927    67
2928    67
2929    37
2930    37
2931    37
2932    37
2933    37
2934    37
2935    86
2936    86
2937    86
2938    86
2939    86
2940    86
2941    48
2942    48
2943    48
2944    48
2945    48
2946    48
2947    48
2948    48
2949    48
2950    48
2951    48
2952    48
2953    54
2954    54
2955    54
2956    54
2957    54
2958    54
2959    54
2960    54
2961    54
2962    54
2963    54
2964    54
2965    27
2966    27
2967    27
2968    27
2969    27
2970    27
2971    64
2972    64
2973    64
2974    64
2975    64
2976    64
2977    31
2978    31
2979    31
2980    31
2981    31
2982    31
2983    31
2984    31
2985    31
2986    31
2987    31
2988    31
2989    54
2990    54
2991    54
2992    54
2993    54
2994    54
2995    54
2996    54
2997    54
2998    54
2999    54
3000    54
3001    36
3002    36
3003    36
3004    36
3005    36
3006    36
3007    73
3008    73
3009    73
3010    73
3011    73
3012    73
3013    43
3014    43
3015    43
3016    43
3017    43
3018    43
3019    43
3020    43
3021    43
3022    43
3023    43
3024    43
3025    63
3026    63
3027    63
3028    63
3029    63
3030    63
3031    63
3032    63
3033    63
3034    63
3035    63
3036    63
3037    39
3038    39
3039    39
3040    39
3041    39
3042    39
3043    92
3044    92
3045    92
3046    92
3047    92
3048    92
3049    58
3050    58
3051    58
3052    58
3053    58
3054    58
3055    58
3056    58
3057    58
3058    58
3059    58
3060    58
3061    76
3062    76
3063    76
3064    76
3065    76
3066    76
3067    76
3068    76
3069    76
3070    76
3071    76
3072    76
3073    41
3074    41
3075    41
3076    41
3077    41
3078    41
3079    108
3080    108
3081    108
3082    108
3083    108
3084    108
3085    71
3086    71
3087    71
3088    71
3089    71
3090    71
3091    71
3092    71
3093    71
3094    71
3095    71
3096    71
3097    83
3098    83
3099    83
3100    83
3101    83
3102    83
3103    83
3104    83
3105    83
3106    83
3107    83
3108    83
3109    48
3110    48
3111    48
3112    48
3113    48
3114    48
3115    98
3116    98
3117    98
3118    98
3119    98
3120    98
3121    62
3122    62
3123    62
3124    62
3125    62
3126    62
3127    62
3128    62
3129    62
3130    62
3131    62
3132    62
3133    82
3134    82
3135    82
3136    82
3137    82
3138    82
3139    82
3140    82
3141    82
3142    82
3143    82
3144    82
3145    46
3146    46
3147    46
3148    46
3149    46
3150    46
3151    98
3152    98
3153    98
3154    98
3155    98
3156    98
3157    56
3158    56
3159    56
3160    56
3161    56
3162    56
3163    56
3164    56
3165    56
3166    56
3167    56
3168    56
3169    73
3170    73
3171    73
3172    73
3173    73
3174    73
3175    73
3176    73
3177    73
3178    73
3179    73
3180    73
3181    38
3182    38
3183    38
3184    38
3185    38
3186    38
3187    93
3188    93
3189    93
3190    93
3191    93
3192    93
3193    57
3194    57
3195    57
3196    57
3197    57
3198    57
3199    57
3200    57
3201    57
3202    57
3203    57
3204    57
3205    72
3206    72
3207    72
3208    72
3209    72
3210    72
3211    72
3212    72
3213    72
3214    72
3215    72
3216    72
3217    42
3218    42
3219    42
3220    42
3221    42
3222    42
3223    89
3224    89
3225    89
3226    89
3227    89
3228    89
3229    59
3230    59
3231    59
3232    59
3233    59
3234    59
3235    59
3236    59
3237    59
3238    59
3239    59
3240    59
3241    72
3242    72
3243    72
3244    72
3245    72
3246    72
3247    72
3248    72
3249    72
3250    72
3251    72
3252    72
3253    41
3254    41
3255    41
3256    41
3257    41
3258    41
3259    79
3260    79
3261    79
3262    79
3263    79
3264    79
3265    54
3266    54
3267    54
3268    54
3269    54
3270    54
3271    54
3272    54
3273    54
3274    54
3275    54
3276    54
3277    75
3278    75
3279    75
3280    75
3281    75
3282    75
3283    75
3284    75
3285    75
3286    75
3287    75
3288    75
3289    42
3290    42
3291    42
3292    42
3293    42
3294    42
3295    78
3296    78
3297    78
3298    78
3299    78
3300    78
3301    45
3302    45
3303    45
3304    45
3305    45
3306    45
3307    45
3308    45
3309    45
3310    45
3311    45
3312    45
3313    60
3314    60
3315    60
3316    60
3317    60
3318    60
3319    60
3320    60
3321    60
3322    60
3323    60
3324    60
3325    27
3326    27
3327    27
3328    27
3329    27
3330    27
3331    70
3332    70
3333    70
3334    70
3335    70
3336    70
3337    42
3338    42
3339    42
3340    42
3341    42
3342    42
3343    42
3344    42
3345    42
3346    42
3347    42
3348    42
3349    51
3350    51
3351    51
3352    51
3353    51
3354    51
3355    51
3356    51
3357    51
3358    51
3359    51
3360    51
3361    28
3362    28
3363    28
3364    28
3365    28
3366    28
3367    76
3368    76
3369    76
3370    76
3371    76
3372    76
3373    47
3374    47
3375    47
3376    47
3377    47
3378    47
3379    47
3380    47
3381    47
3382    47
3383    47
3384    47
3385    72
3386    72
3387    72
3388    72
3389    72
3390    72
3391    72
3392    72
3393    72
3394    72
3395    72
3396    72
3397    41
3398    41
3399    41
3400    41
3401    41
3402    41
3403    95
3404    95
3405    95
3406    95
3407    95
3408    95
3409    64
3410    64
3411    64
3412    64
3413    64
3414    64
3415    64
3416    64
3417    64
3418    64
3419    64
3420    64
3421    72
3422    72
3423    72
3424    72
3425    72
3426    72
3427    72
3428    72
3429    72
3430    72
3431    72
3432    72
3433    35
3434    35
3435    35
3436    35
3437    35
3438    35
3439    74
3440    74
3441    74
3442    74
3443    74
3444    74
3445    51
3446    51
3447    51
3448    51
3449    51
3450    51
3451    51
3452    51
3453    51
3454    51
3455    51
3456    51
3457    75
3458    75
3459    75
3460    75
3461    75
3462    75
3463    75
3464    75
3465    75
3466    75
3467    75
3468    75
3469    42
3470    42
3471    42
3472    42
3473    42
3474    42
3475    88
3476    88
3477    88
3478    88
3479    88
3480    88
3481    47
3482    47
3483    47
3484    47
3485    47
3486    47
3487    47
3488    47
3489    47
3490    47
3491    47
3492    47
3493    64
3494    64
3495    64
3496    64
3497    64
3498    64
3499    64
3500    64
3501    64
3502    64
3503    64
3504    64
3505    37
3506    37
3507    37
3508    37
3509    37
3510    37
3511    82
3512    82
3513    82
3514    82
3515    82
3516    82
3517    47
3518    47
3519    47
3520    47
3521    47
3522    47
3523    47
3524    47
3525    47
3526    47
3527    47
3528    47
3529    56
3530    56
3531    56
3532    56
3533    56
3534    56
3535    56
3536    56
3537    56
3538    56
3539    56
3540    56
3541    34
3542    34
3543    34
3544    34
3545    34
3546    34
3547    79
3548    79
3549    79
3550    79
3551    79
3552    79
3553    38
3554    38
3555    38
3556    38
3557    38
3558    38
3559    38
3560    38
3561    38
3562    38
3563    38
3564    38
3565    55
3566    55
3567    55
3568    55
3569    55
3570    55
3571    55
3572    55
3573    55
3574    55
3575    55
3576    55
3577    35
3578    35
3579    35
3580    35
3581    35
3582    35
3583    84
3584    84
3585    84
3586    84
3587    84
3588    84
3589    46
3590    46
3591    46
3592    46
3593    46
3594    46
3595    46
3596    46
3597    46
3598    46
3599    46
3600    46
3601    55
3602    55
3603    55
3604    55
3605    55
3606    55
3607    55
3608    55
3609    55
3610    55
3611    55
3612    55
3613    30
3614    30
3615    30
3616    30
3617    30
3618    30
3619    78
3620    78
3621    78
3622    78
3623    78
3624    78
3625    44
3626    44
3627    44
3628    44
3629    44
3630    44
3631    44
3632    44
3633    44
3634    44
3635    44
3636    44
3637    61
3638    61
3639    61
3640    61
3641    61
3642    61
3643    61
3644    61
3645    61
3646    61
3647    61
3648    61
3649    38
3650    38
3651    38
3652    38
3653    38
3654    38
3655    88
3656    88
3657    88
3658    88
3659    88
3660    88
3661    53
3662    53
3663    53
3664    53
3665    53
3666    53
3667    53
3668    53
3669    53
3670    53
3671    53
3672    53
3673    55
3674    55
3675    55
3676    55
3677    55
3678    55
3679    55
3680    55
3681    55
3682    55
3683    55
3684    55
3685    27
3686    27
3687    27
3688    27
3689    27
3690    27
3691    70
3692    70
3693    70
3694    70
3695    70
3696    70
3697    42
3698    42
3699    42
3700    42
3701    42
3702    42
3703    42
3704    42
3705    42
3706    42
3707    42
3708    42
3709    63
3710    63
3711    63
3712    63
3713    63
3714    63
3715    63
3716    63
3717    63
3718    63
3719    63
3720    63
3721    33
3722    33
3723    33
3724    33
3725    33
3726    33
3727    78
3728    78
3729    78
3730    78
3731    78
3732    78
3733    44
3734    44
3735    44
3736    44
3737    44
3738    44
3739    44
3740    44
3741    44
3742    44
3743    44
3744    44
3745    47
3746    47
3747    47
3748    47
3749    47
3750    47
3751    47
3752    47
3753    47
3754    47
3755    47
3756    47
3757    33
3758    33
3759    33
3760    33
3761    33
3762    33
3763    78
3764    78
3765    78
3766    78
3767    78
3768    78
3769    52
3770    52
3771    52
3772    52
3773    52
3774    52
3775    52
3776    52
3777    52
3778    52
3779    52
3780    52
3781    65
3782    65
3783    65
3784    65
3785    65
3786    65
3787    65
3788    65
3789    65
3790    65
3791    65
3792    65
3793    33
3794    33
3795    33
3796    33
3797    33
3798    33
3799    80
3800    80
3801    80
3802    80
3803    80
3804    80
3805    43
3806    43
3807    43
3808    43
3809    43
3810    43
3811    43
3812    43
3813    43
3814    43
3815    43
3816    43
3817    61
3818    61
3819    61
3820    61
3821    61
3822    61
3823    61
3824    61
3825    61
3826    61
3827    61
3828    61
3829    41
3830    41
3831    41
3832    41
3833    41
3834    41
3835    86
3836    86
3837    86
3838    86
3839    86
3840    86
3841    47
3842    47
3843    47
3844    47
3845    47
3846    47
3847    47
3848    47
3849    47
3850    47
3851    47
3852    47
3853    65
3854    65
3855    65
3856    65
3857    65
3858    65
3859    65
3860    65
3861    65
3862    65
3863    65
3864    65
3865    40
3866    40
3867    40
3868    40
3869    40
3870    40
3871    94
3872    94
3873    94
3874    94
3875    94
3876    94
3877    53
3878    53
3879    53
3880    53
3881    53
3882    53
3883    53
3884    53
3885    53
3886    53
3887    53
3888    53
3889    67
3890    67
3891    67
3892    67
3893    67
3894    67
3895    67
3896    67
3897    67
3898    67
3899    67
3900    67
3901    36
3902    36
3903    36
3904    36
3905    36
3906    36
3907    78
3908    78
3909    78
3910    78
3911    78
3912    78
3913    42
3914    42
3915    42
3916    42
3917    42
3918    42
3919    42
3920    42
3921    42
3922    42
3923    42
3924    42
3925    65
3926    65
3927    65
3928    65
3929    65
3930    65
3931    65
3932    65
3933    65
3934    65
3935    65
3936    65
3937    30
3938    30
3939    30
3940    30
3941    30
3942    30
3943    64
3944    64
3945    64
3946    64
3947    64
3948    64
3949    32
3950    32
3951    32
3952    32
3953    32
3954    32
3955    32
3956    32
3957    32
3958    32
3959    32
3960    32
3961    51
3962    51
3963    51
3964    51
3965    51
3966    51
3967    51
3968    51
3969    51
3970    51
3971    51
3972    51
3973    30
3974    30
3975    30
3976    30
3977    30
3978    30
3979    65
3980    65
3981    65
3982    65
3983    65
3984    65
3985    36
3986    36
3987    36
3988    36
3989    36
3990    36
3991    36
3992    36
3993    36
3994    36
3995    36
3996    36
3997    50
3998    50
3999    50
4000    50
4001    50
4002    50
4003    50
4004    50
4005    50
4006    50
4007    50
4008    50
4009    31
4010    31
4011    31
4012    31
4013    31
4014    31
4015    72
4016    72
4017    72
4018    72
4019    72
4020    72
4021    50
4022    50
4023    50
4024    50
4025    50
4026    50
4027    50
4028    50
4029    50
4030    50
4031    50
4032    50
4033    70
4034    70
4035    70
4036    70
4037    70
4038    70
4039    70
4040    70
4041    70
4042    70
4043    70
4044    70
4045    36
4046    36
4047    36
4048    36
4049    36
4050    36
4051    72
4052    72
4053    72
4054    72
4055    72
4056    72
4057    47
4058    47
4059    47
4060    47
4061    47
4062    47
4063    47
4064    47
4065    47
4066    47
4067    47
4068    47
4069    65
4070    65
4071    65
4072    65
4073    65
4074    65
4075    65
4076    65
4077    65
4078    65
4079    65
4080    65
4081    39
4082    39
4083    39
4084    39
4085    39
4086    39
4087    80
4088    80
4089    80
4090    80
4091    80
4092    80
4093    58
4094    58
4095    58
4096    58
4097    58
4098    58
4099    58
4100    58
4101    58
4102    58
4103    58
4104    58
4105    70
4106    70
4107    70
4108    70
4109    70
4110    70
4111    70
4112    70
4113    70
4114    70
4115    70
4116    70
4117    43
4118    43
4119    43
4120    43
4121    43
4122    43
4123    105
4124    105
4125    105
4126    105
4127    105
4128    105
4129    66
4130    66
4131    66
4132    66
4133    66
4134    66
4135    66
4136    66
4137    66
4138    66
4139    66
4140    66
4141    73
4142    73
4143    73
4144    73
4145    73
4146    73
4147    73
4148    73
4149    73
4150    73
4151    73
4152    73
4153    46
4154    46
4155    46
4156    46
4157    46
4158    46
4159    94
4160    94
4161    94
4162    94
4163    94
4164    94
4165    59
4166    59
4167    59
4168    59
4169    59
4170    59
4171    59
4172    59
4173    59
4174    59
4175    59
4176    59
4177    78
4178    78
4179    78
4180    78
4181    78
4182    78
4183    78
4184    78
4185    78
4186    78
4187    78
4188    78
4189    49
4190    49
4191    49
4192    49
4193    49
4194    49
4195    105
4196    105
4197    105
4198    105
4199    105
4200    105
4201    49
4202    49
4203    49
4204    49
4205    49
4206    49
4207    49
4208    49
4209    49
4210    49
4211    49
4212    49
4213    65
4214    65
4215    65
4216    65
4217    65
4218    65
4219    65
4220    65
4221    65
4222    65
4223    65
4224    65
4225    35
4226    35
4227    35
4228    35
4229    35
4230    35
4231    80
4232    80
4233    80
4234    80
4235    80
4236    80
4237    50
4238    50
4239    50
4240    50
4241    50
4242    50
4243    50
4244    50
4245    50
4246    50
4247    50
4248    50
4249    67
4250    67
4251    67
4252    67
4253    67
4254    67
4255    67
4256    67
4257    67
4258    67
4259    67
4260    67
4261    37
4262    37
4263    37
4264    37
4265    37
4266    37
4267    82
4268    82
4269    82
4270    82
4271    82
4272    82
4273    51
4274    51
4275    51
4276    51
4277    51
4278    51
4279    51
4280    51
4281    51
4282    51
4283    51
4284    51
4285    70
4286    70
4287    70
4288    70
4289    70
4290    70
4291    70
4292    70
4293    70
4294    70
4295    70
4296    70
4297    39
4298    39
4299    39
4300    39
4301    39
4302    39
4303    91
4304    91
4305    91
4306    91
4307    91
4308    91
4309    51
4310    51
4311    51
4312    51
4313    51
4314    51
4315    51
4316    51
4317    51
4318    51
4319    51
4320    51
4321    72
4322    72
4323    72
4324    72
4325    72
4326    72
4327    72
4328    72
4329    72
4330    72
4331    72
4332    72
4333    49
4334    49
4335    49
4336    49
4337    49
4338    49
4339    93
4340    93
4341    93
4342    93
4343    93
4344    93
4345    53
4346    53
4347    53
4348    53
4349    53
4350    53
4351    53
4352    53
4353    53
4354    53
4355    53
4356    53
4357    67
4358    67
4359    67
4360    67
4361    67
4362    67
4363    67
4364    67
4365    67
4366    67
4367    67
4368    67
4369    36
4370    36
4371    36
4372    36
4373    36
4374    36
4375    75
4376    75
4377    75
4378    75
4379    75
4380    75
4381    43
4382    43
4383    43
4384    43
4385    43
4386    43
4387    43
4388    43
4389    43
4390    43
4391    43
4392    43
4393    61
4394    61
4395    61
4396    61
4397    61
4398    61
4399    61
4400    61
4401    61
4402    61
4403    61
4404    61
4405    32
4406    32
4407    32
4408    32
4409    32
4410    32
4411    68
4412    68
4413    68
4414    68
4415    68
4416    68
4417    45
4418    45
4419    45
4420    45
4421    45
4422    45
4423    45
4424    45
4425    45
4426    45
4427    45
4428    45
4429    58
4430    58
4431    58
4432    58
4433    58
4434    58
4435    58
4436    58
4437    58
4438    58
4439    58
4440    58
4441    33
4442    33
4443    33
4444    33
4445    33
4446    33
4447    69
4448    69
4449    69
4450    69
4451    69
4452    69
4453    40
4454    40
4455    40
4456    40
4457    40
4458    40
4459    40
4460    40
4461    40
4462    40
4463    40
4464    40
4465    54
4466    54
4467    54
4468    54
4469    54
4470    54
4471    54
4472    54
4473    54
4474    54
4475    54
4476    54
4477    31
4478    31
4479    31
4480    31
4481    31
4482    31
4483    74
4484    74
4485    74
4486    74
4487    74
4488    74
4489    36
4490    36
4491    36
4492    36
4493    36
4494    36
4495    36
4496    36
4497    36
4498    36
4499    36
4500    36
4501    53
4502    53
4503    53
4504    53
4505    53
4506    53
4507    53
4508    53
4509    53
4510    53
4511    53
4512    53
4513    33
4514    33
4515    33
4516    33
4517    33
4518    33
4519    76
4520    76
4521    76
4522    76
4523    76
4524    76
4525    47
4526    47
4527    47
4528    47
4529    47
4530    47
4531    47
4532    47
4533    47
4534    47
4535    47
4536    47
4537    51
4538    51
4539    51
4540    51
4541    51
4542    51
4543    51
4544    51
4545    51
4546    51
4547    51
4548    51
4549    30
4550    30
4551    30
4552    30
4553    30
4554    30
4555    70
4556    70
4557    70
4558    70
4559    70
4560    70
4561    37
4562    37
4563    37
4564    37
4565    37
4566    37
4567    37
4568    37
4569    37
4570    37
4571    37
4572    37
4573    62
4574    62
4575    62
4576    62
4577    62
4578    62
4579    62
4580    62
4581    62
4582    62
4583    62
4584    62
4585    29
4586    29
4587    29
4588    29
4589    29
4590    29
4591    71
4592    71
4593    71
4594    71
4595    71
4596    71
4597    37
4598    37
4599    37
4600    37
4601    37
4602    37
4603    37
4604    37
4605    37
4606    37
4607    37
4608    37
4609    56
4610    56
4611    56
4612    56
4613    56
4614    56
4615    56
4616    56
4617    56
4618    56
4619    56
4620    56
4621    22
4622    22
4623    22
4624    22
4625    22
4626    22
4627    58
4628    58
4629    58
4630    58
4631    58
4632    58
4633    31
4634    31
4635    31
4636    31
4637    31
4638    31
4639    31
4640    31
4641    31
4642    31
4643    31
4644    31
4645    40
4646    40
4647    40
4648    40
4649    40
4650    40
4651    40
4652    40
4653    40
4654    40
4655    40
4656    40
4657    22
4658    22
4659    22
4660    22
4661    22
4662    22
4663    66
4664    66
4665    66
4666    66
4667    66
4668    66
4669    37
4670    37
4671    37
4672    37
4673    37
4674    37
4675    37
4676    37
4677    37
4678    37
4679    37
4680    37
4681    58
4682    58
4683    58
4684    58
4685    58
4686    58
4687    58
4688    58
4689    58
4690    58
4691    58
4692    58
4693    30
4694    30
4695    30
4696    30
4697    30
4698    30
4699    76
4700    76
4701    76
4702    76
4703    76
4704    76
4705    47
4706    47
4707    47
4708    47
4709    47
4710    47
4711    47
4712    47
4713    47
4714    47
4715    47
4716    47
4717    62
4718    62
4719    62
4720    62
4721    62
4722    62
4723    62
4724    62
4725    62
4726    62
4727    62
4728    62
4729    37
4730    37
4731    37
4732    37
4733    37
4734    37
4735    79
4736    79
4737    79
4738    79
4739    79
4740    79
4741    52
4742    52
4743    52
4744    52
4745    52
4746    52
4747    52
4748    52
4749    52
4750    52
4751    52
4752    52
4753    62
4754    62
4755    62
4756    62
4757    62
4758    62
4759    62
4760    62
4761    62
4762    62
4763    62
4764    62
4765    38
4766    38
4767    38
4768    38
4769    38
4770    38
4771    84
4772    84
4773    84
4774    84
4775    84
4776    84
4777    49
4778    49
4779    49
4780    49
4781    49
4782    49
4783    49
4784    49
4785    49
4786    49
4787    49
4788    49
4789    68
4790    68
4791    68
4792    68
4793    68
4794    68
4795    68
4796    68
4797    68
4798    68
4799    68
4800    68
4801    43
4802    43
4803    43
4804    43
4805    43
4806    43
4807    94
4808    94
4809    94
4810    94
4811    94
4812    94
4813    58
4814    58
4815    58
4816    58
4817    58
4818    58
4819    58
4820    58
4821    58
4822    58
4823    58
4824    58
4825    81
4826    81
4827    81
4828    81
4829    81
4830    81
4831    81
4832    81
4833    81
4834    81
4835    81
4836    81
4837    49
4838    49
4839    49
4840    49
4841    49
4842    49
4843    104
4844    104
4845    104
4846    104
4847    104
4848    104
4849    66
4850    66
4851    66
4852    66
4853    66
4854    66
4855    66
4856    66
4857    66
4858    66
4859    66
4860    66
4861    78
4862    78
4863    78
4864    78
4865    78
4866    78
4867    78
4868    78
4869    78
4870    78
4871    78
4872    78
4873    42
4874    42
4875    42
4876    42
4877    42
4878    42
4879    95
4880    95
4881    95
4882    95
4883    95
4884    95
4885    52
4886    52
4887    52
4888    52
4889    52
4890    52
4891    52
4892    52
4893    52
4894    52
4895    52
4896    52
4897    71
4898    71
4899    71
4900    71
4901    71
4902    71
4903    71
4904    71
4905    71
4906    71
4907    71
4908    71
4909    36
4910    36
4911    36
4912    36
4913    36
4914    36
4915    91
4916    91
4917    91
4918    91
4919    91
4920    91
4921    48
4922    48
4923    48
4924    48
4925    48
4926    48
4927    48
4928    48
4929    48
4930    48
4931    48
4932    48
4933    61
4934    61
4935    61
4936    61
4937    61
4938    61
4939    61
4940    61
4941    61
4942    61
4943    61
4944    61
4945    40
4946    40
4947    40
4948    40
4949    40
4950    40
4951    86
4952    86
4953    86
4954    86
4955    86
4956    86
4957    49
4958    49
4959    49
4960    49
4961    49
4962    49
4963    49
4964    49
4965    49
4966    49
4967    49
4968    49
4969    72
4970    72
4971    72
4972    72
4973    72
4974    72
4975    72
4976    72
4977    72
4978    72
4979    72
4980    72
4981    38
4982    38
4983    38
4984    38
4985    38
4986    38
4987    77
4988    77
4989    77
4990    77
4991    77
4992    77
4993    43
4994    43
4995    43
4996    43
4997    43
4998    43
4999    43
5000    43
