1    5000
2    5000
3    5000
4    5000
5    5000
6    5000
7    5000
8    5000
9    5000
10    5000
11    5000
12    5000
13    5000
14    5000
15    5000
16    5000
17    5000
18    5000
19    4869
20    4869
21    4869
22    4869
23    4869
24    4869
25    4869
26    4869
27    4869
28    4869
29    4869
30    4869
31    4869
32    4869
33    4869
34    4869
35    4869
36    4869
37    4761
38    4761
39    4761
40    4761
41    4761
42    4761
43    4761
44    4761
45    4761
46    4761
47    4761
48    4761
49    4761
50    4761
51    4761
52    4761
53    4761
54    4761
55    4640
56    4640
57    4640
58    4640
59    4640
60    4640
61    4640
62    4640
63    4640
64    4640
65    4640
66    4640
67    4640
68    4640
69    4640
70    4640
71    4640
72    4640
73    4557
74    4557
75    4557
76    4557
77    4557
78    4557
79    4557
80    4557
81    4557
82    4557
83    4557
84    4557
85    4557
86    4557
87    4557
88    4557
89    4557
90    4557
91    4420
92    4420
93    4420
94    4420
95    4420
96    4420
97    4420
98    4420
99    4420
100    4420
101    4420
102    4420
103    4420
104    4420
105    4420
106    4420
107    4420
108    4420
109    4325
110    4325
111    4325
112    4325
113    4325
114    4325
115    4325
116    4325
117    4325
118    4325
119    4325
120    4325
121    4325
122    4325
123    4325
124    4325
125    4325
126    4325
127    4233
128    4233
129    4233
130    4233
131    4233
132    4233
133    4233
134    4233
135    4233
136    4233
137    4233
138    4233
139    4233
140    4233
141    4233
142    4233
143    4233
144    4233
145    4108
146    4108
147    4108
148    4108
149    4108
150    4108
151    4108
152    4108
153    4108
154    4108
155    4108
156    4108
157    4108
158    4108
159    4108
160    4108
161    4108
162    4108
163    4025
164    4025
165    4025
166    4025
167    4025
168    4025
169    4025
170    4025
171    4025
172    4025
173    4025
174    4025
175    4025
176    4025
177    4025
178    4025
179    4025
180    4025
181    3969
182    3969
183    3969
184    3969
185    3969
186    3969
187    3969
188    3969
189    3969
190    3969
191    3969
192    3969
193    3969
194    3969
195    3969
196    3969
197    3969
198    3969
199    3854
200    3854
201    3854
202    3854
203    3854
204    3854
205    3854
206    3854
207    3854
208    3854
209    3854
210    3854
211    3854
212    3854
213    3854
214    3854
215    3854
216    3854
217    3775
218    3775
219    3775
220    3775
221    3775
222    3775
223    3775
224    3775
225    3775
226    3775
227    3775
228    3775
229    3775
230    3775
231    3775
232    3775
233    3775
234    3775
235    3723
236    3723
237    3723
238    3723
239    3723
240    3723
241    3723
242    3723
243    3723
244    3723
245    3723
246    3723
247    3723
248    3723
249    3723
250    3723
251    3723
252    3723
253    3666
254    3666
255    3666
256    3666
257    3666
258    3666
259    3666
260    3666
261    3666
262    3666
263    3666
264    3666
265    3666
266    3666
267    3666
268    3666
269    3666
270    3666
271    3584
272    3584
273    3584
274    3584
275    3584
276    3584
277    3584
278    3584
279    3584
280    3584
281    3584
282    3584
283    3584
284    3584
285    3584
286    3584
287    3584
288    3584
289    3492
290    3492
291    3492
292    3492
293    3492
294    3492
295    3492
296    3492
297    3492
298    3492
299    3492
300    3492
301    3492
302    3492
303    3492
304    3492
305    3492
306    3492
307    3395
308    3395
309    3395
310    3395
311    3395
312    3395
313    3395
314    3395
315    3395
316    3395
317    3395
318    3395
319    3395
320    3395
321    3395
322    3395
323    3395
324    3395
325    3346
326    3346
327    3346
328    3346
329    3346
330    3346
331    3346
332    3346
333    3346
334    3346
335    3346
336    3346
337    3346
338    3346
339    3346
340    3346
341    3346
342    3346
343    3313
344    3313
345    3313
346    3313
347    3313
348    3313
349    3313
350    3313
351    3313
352    3313
353    3313
354    3313
355    3313
356    3313
357    3313
358    3313
359    3313
360    3313
361    3275
362    3275
363    3275
364    3275
365    3275
366    3275
367    3275
368    3275
369    3275
370    3275
371    3275
372    3275
373    3275
374    3275
375    3275
376    3275
377    3275
378    3275
379    3203
380    3203
381    3203
382    3203
383    3203
384    3203
385    3203
386    3203
387    3203
388    3203
389    3203
390    3203
391    3203
392    3203
393    3203
394    3203
395    3203
396    3203
397    3126
398    3126
399    3126
400    3126
401    3126
402    3126
403    3126
404    3126
405    3126
406    3126
407    3126
408    3126
409    3126
410    3126
411    3126
412    3126
413    3126
414    3126
415    3073
416    3073
417    3073
418    3073
419    3073
420    3073
421    3073
422    3073
423    3073
424    3073
425    3073
426    3073
427    3073
428    3073
429    3073
430    3073
431    3073
432    3073
433    3019
434    3019
435    3019
436    3019
437    3019
438    3019
439    3019
440    3019
441    3019
442    3019
443    3019
444    3019
445    3019
446    3019
447    3019
448    3019
449    3019
450    3019
451    2990
452    2990
453    2990
454    2990
455    2990
456    2990
457    2990
458    2990
459    2990
460    2990
461    2990
462    2990
463    2990
464    2990
465    2990
466    2990
467    2990
468    2990
469    2920
470    2920
471    2920
472    2920
473    2920
474    2920
475    2920
476    2920
477    2920
478    2920
479    2920
480    2920
481    2920
482    2920
483    2920
484    2920
485    2920
486    2920
487    2899
488    2899
489    2899
490    2899
491    2899
492    2899
493    2899
494    2899
495    2899
496    2899
497    2899
498    2899
499    2899
500    2899
501    2899
502    2899
503    2899
504    2899
505    2840
506    2840
507    2840
508    2840
509    2840
510    2840
511    2840
512    2840
513    2840
514    2840
515    2840
516    2840
517    2840
518    2840
519    2840
520    2840
521    2840
522    2840
523    2796
524    2796
525    2796
526    2796
527    2796
528    2796
529    2796
530    2796
531    2796
532    2796
533    2796
534    2796
535    2796
536    2796
537    2796
538    2796
539    2796
540    2796
541    2727
542    2727
543    2727
544    2727
545    2727
546    2727
547    2727
548    2727
549    2727
550    2727
551    2727
552    2727
553    2727
554    2727
555    2727
556    2727
557    2727
558    2727
559    2691
560    2691
561    2691
562    2691
563    2691
564    2691
565    2691
566    2691
567    2691
568    2691
569    2691
570    2691
571    2691
572    2691
573    2691
574    2691
575    2691
576    2691
577    2607
578    2607
579    2607
580    2607
581    2607
582    2607
583    2607
584    2607
585    2607
586    2607
587    2607
588    2607
589    2607
590    2607
591    2607
592    2607
593    2607
594    2607
595    2549
596    2549
597    2549
598    2549
599    2549
600    2549
601    2549
602    2549
603    2549
604    2549
605    2549
606    2549
607    2549
608    2549
609    2549
610    2549
611    2549
612    2549
613    2556
614    2556
615    2556
616    2556
617    2556
618    2556
619    2556
620    2556
621    2556
622    2556
623    2556
624    2556
625    2556
626    2556
627    2556
628    2556
629    2556
630    2556
631    2526
632    2526
633    2526
634    2526
635    2526
636    2526
637    2526
638    2526
639    2526
640    2526
641    2526
642    2526
643    2526
644    2526
645    2526
646    2526
647    2526
648    2526
649    2483
650    2483
651    2483
652    2483
653    2483
654    2483
655    2483
656    2483
657    2483
658    2483
659    2483
660    2483
661    2483
662    2483
663    2483
664    2483
665    2483
666    2483
667    2466
668    2466
669    2466
670    2466
671    2466
672    2466
673    2466
674    2466
675    2466
676    2466
677    2466
678    2466
679    2466
680    2466
681    2466
682    2466
683    2466
684    2466
685    2423
686    2423
687    2423
688    2423
689    2423
690    2423
691    2423
692    2423
693    2423
694    2423
695    2423
696    2423
697    2423
698    2423
699    2423
700    2423
701    2423
702    2423
703    2430
704    2430
705    2430
706    2430
707    2430
708    2430
709    2430
710    2430
711    2430
712    2430
713    2430
714    2430
715    2430
716    2430
717    2430
718    2430
719    2430
720    2430
721    2436
722    2436
723    2436
724    2436
725    2436
726    2436
727    2436
728    2436
729    2436
730    2436
731    2436
732    2436
733    2436
734    2436
735    2436
736    2436
737    2436
738    2436
739    2440
740    2440
741    2440
742    2440
743    2440
744    2440
745    2440
746    2440
747    2440
748    2440
749    2440
750    2440
751    2440
752    2440
753    2440
754    2440
755    2440
756    2440
757    2437
758    2437
759    2437
760    2437
761    2437
762    2437
763    2437
764    2437
765    2437
766    2437
767    2437
768    2437
769    2437
770    2437
771    2437
772    2437
773    2437
774    2437
775    2406
776    2406
777    2406
778    2406
779    2406
780    2406
781    2406
782    2406
783    2406
784    2406
785    2406
786    2406
787    2406
788    2406
789    2406
790    2406
791    2406
792    2406
793    2386
794    2386
795    2386
796    2386
797    2386
798    2386
799    2386
800    2386
801    2386
802    2386
803    2386
804    2386
805    2386
806    2386
807    2386
808    2386
809    2386
810    2386
811    2351
812    2351
813    2351
814    2351
815    2351
816    2351
817    2351
818    2351
819    2351
820    2351
821    2351
822    2351
823    2351
824    2351
825    2351
826    2351
827    2351
828    2351
829    2308
830    2308
831    2308
832    2308
833    2308
834    2308
835    2308
836    2308
837    2308
838    2308
839    2308
840    2308
841    2308
842    2308
843    2308
844    2308
845    2308
846    2308
847    2320
848    2320
849    2320
850    2320
851    2320
852    2320
853    2320
854    2320
855    2320
856    2320
857    2320
858    2320
859    2320
860    2320
861    2320
862    2320
863    2320
864    2320
865    2307
866    2307
867    2307
868    2307
869    2307
870    2307
871    2307
872    2307
873    2307
874    2307
875    2307
876    2307
877    2307
878    2307
879    2307
880    2307
881    2307
882    2307
883    2267
884    2267
885    2267
886    2267
887    2267
888    2267
889    2267
890    2267
891    2267
892    2267
893    2267
894    2267
895    2267
896    2267
897    2267
898    2267
899    2267
900    2267
901    2263
902    2263
903    2263
904    2263
905    2263
906    2263
907    2263
908    2263
909    2263
910    2263
911    2263
912    2263
913    2263
914    2263
915    2263
916    2263
917    2263
918    2263
919    2253
920    2253
921    2253
922    2253
923    2253
924    2253
925    2253
926    2253
927    2253
928    2253
929    2253
930    2253
931    2253
932    2253
933    2253
934    2253
935    2253
936    2253
937    2256
938    2256
939    2256
940    2256
941    2256
942    2256
943    2256
944    2256
945    2256
946    2256
947    2256
948    2256
949    2256
950    2256
951    2256
952    2256
953    2256
954    2256
955    2303
956    2303
957    2303
958    2303
959    2303
960    2303
961    2303
962    2303
963    2303
964    2303
965    2303
966    2303
967    2303
968    2303
969    2303
970    2303
971    2303
972    2303
973    2298
974    2298
975    2298
976    2298
977    2298
978    2298
979    2298
980    2298
981    2298
982    2298
983    2298
984    2298
985    2298
986    2298
987    2298
988    2298
989    2298
990    2298
991    2256
992    2256
993    2256
994    2256
995    2256
996    2256
997    2256
998    2256
999    2256
1000    2256
1001    2256
1002    2256
1003    2256
1004    2256
1005    2256
1006    2256
1007    2256
1008    2256
1009    2215
1010    2215
1011    2215
1012    2215
1013    2215
1014    2215
1015    2215
1016    2215
1017    2215
1018    2215
1019    2215
1020    2215
1021    2215
1022    2215
1023    2215
1024    2215
1025    2215
1026    2215
1027    2168
1028    2168
1029    2168
1030    2168
1031    2168
1032    2168
1033    2168
1034    2168
1035    2168
1036    2168
1037    2168
1038    2168
1039    2168
1040    2168
1041    2168
1042    2168
1043    2168
1044    2168
1045    2165
1046    2165
1047    2165
1048    2165
1049    2165
1050    2165
1051    2165
1052    2165
1053    2165
1054    2165
1055    2165
1056    2165
1057    2165
1058    2165
1059    2165
1060    2165
1061    2165
1062    2165
1063    2161
1064    2161
1065    2161
1066    2161
1067    2161
1068    2161
1069    2161
1070    2161
1071    2161
1072    2161
1073    2161
1074    2161
1075    2161
1076    2161
1077    2161
1078    2161
1079    2161
1080    2161
1081    2141
1082    2141
1083    2141
1084    2141
1085    2141
1086    2141
1087    2141
1088    2141
1089    2141
1090    2141
1091    2141
1092    2141
1093    2141
1094    2141
1095    2141
1096    2141
1097    2141
1098    2141
1099    2147
1100    2147
1101    2147
1102    2147
1103    2147
1104    2147
1105    2146
1106    2146
1107    2146
1108    2146
1109    2146
1110    2146
1111    2146
1112    2146
1113    2146
1114    2146
1115    2146
1116    2146
1117    2138
1118    2138
1119    2138
1120    2138
1121    2138
1122    2138
1123    2138
1124    2138
1125    2138
1126    2138
1127    2138
1128    2138
1129    2138
1130    2138
1131    2138
1132    2138
1133    2138
1134    2138
1135    2167
1136    2167
1137    2167
1138    2167
1139    2167
1140    2167
1141    2166
1142    2166
1143    2166
1144    2166
1145    2166
1146    2166
1147    2166
1148    2166
1149    2166
1150    2166
1151    2166
1152    2166
1153    2137
1154    2137
1155    2137
1156    2137
1157    2137
1158    2137
1159    2137
1160    2137
1161    2137
1162    2137
1163    2137
1164    2137
1165    2136
1166    2136
1167    2136
1168    2136
1169    2136
1170    2136
1171    2134
1172    2134
1173    2134
1174    2134
1175    2134
1176    2134
1177    2134
1178    2134
1179    2134
1180    2134
1181    2134
1182    2134
1183    2134
1184    2134
1185    2134
1186    2134
1187    2134
1188    2134
1189    2155
1190    2155
1191    2155
1192    2155
1193    2155
1194    2155
1195    2155
1196    2155
1197    2155
1198    2155
1199    2155
1200    2155
1201    2155
1202    2155
1203    2155
1204    2155
1205    2155
1206    2155
1207    2174
1208    2174
1209    2174
1210    2174
1211    2174
1212    2174
1213    2172
1214    2172
1215    2172
1216    2172
1217    2172
1218    2172
1219    2172
1220    2172
1221    2172
1222    2172
1223    2172
1224    2172
1225    2121
1226    2121
1227    2121
1228    2121
1229    2121
1230    2121
1231    2121
1232    2121
1233    2121
1234    2121
1235    2121
1236    2121
1237    2119
1238    2119
1239    2119
1240    2119
1241    2119
1242    2119
1243    2112
1244    2112
1245    2112
1246    2112
1247    2112
1248    2112
1249    2110
1250    2110
1251    2110
1252    2110
1253    2110
1254    2110
1255    2110
1256    2110
1257    2110
1258    2110
1259    2110
1260    2110
1261    2113
1262    2113
1263    2113
1264    2113
1265    2113
1266    2113
1267    2113
1268    2113
1269    2113
1270    2113
1271    2113
1272    2113
1273    2107
1274    2107
1275    2107
1276    2107
1277    2107
1278    2107
1279    2129
1280    2129
1281    2129
1282    2129
1283    2129
1284    2129
1285    2124
1286    2124
1287    2124
1288    2124
1289    2124
1290    2124
1291    2124
1292    2124
1293    2124
1294    2124
1295    2124
1296    2124
1297    2056
1298    2056
1299    2056
1300    2056
1301    2056
1302    2056
1303    2056
1304    2056
1305    2056
1306    2056
1307    2056
1308    2056
1309    2049
1310    2049
1311    2049
1312    2049
1313    2049
1314    2049
1315    2054
1316    2054
1317    2054
1318    2054
1319    2054
1320    2054
1321    2047
1322    2047
1323    2047
1324    2047
1325    2047
1326    2047
1327    2047
1328    2047
1329    2047
1330    2047
1331    2047
1332    2047
1333    2012
1334    2012
1335    2012
1336    2012
1337    2012
1338    2012
1339    2012
1340    2012
1341    2012
1342    2012
1343    2012
1344    2012
1345    1998
1346    1998
1347    1998
1348    1998
1349    1998
1350    1998
1351    1984
1352    1984
1353    1984
1354    1984
1355    1984
1356    1984
1357    1971
1358    1971
1359    1971
1360    1971
1361    1971
1362    1971
1363    1971
1364    1971
1365    1971
1366    1971
1367    1971
1368    1971
1369    1900
1370    1900
1371    1900
1372    1900
1373    1900
1374    1900
1375    1900
1376    1900
1377    1900
1378    1900
1379    1900
1380    1900
1381    1878
1382    1878
1383    1878
1384    1878
1385    1878
1386    1878
1387    1929
1388    1929
1389    1929
1390    1929
1391    1929
1392    1929
1393    1913
1394    1913
1395    1913
1396    1913
1397    1913
1398    1913
1399    1913
1400    1913
1401    1913
1402    1913
1403    1913
1404    1913
1405    1886
1406    1886
1407    1886
1408    1886
1409    1886
1410    1886
1411    1886
1412    1886
1413    1886
1414    1886
1415    1886
1416    1886
1417    1862
1418    1862
1419    1862
1420    1862
1421    1862
1422    1862
1423    1867
1424    1867
1425    1867
1426    1867
1427    1867
1428    1867
1429    1845
1430    1845
1431    1845
1432    1845
1433    1845
1434    1845
1435    1845
1436    1845
1437    1845
1438    1845
1439    1845
1440    1845
1441    1827
1442    1827
1443    1827
1444    1827
1445    1827
1446    1827
1447    1827
1448    1827
1449    1827
1450    1827
1451    1827
1452    1827
1453    1795
1454    1795
1455    1795
1456    1795
1457    1795
1458    1795
1459    1858
1460    1858
1461    1858
1462    1858
1463    1858
1464    1858
1465    1828
1466    1828
1467    1828
1468    1828
1469    1828
1470    1828
1471    1828
1472    1828
1473    1828
1474    1828
1475    1828
1476    1828
1477    1861
1478    1861
1479    1861
1480    1861
1481    1861
1482    1861
1483    1861
1484    1861
1485    1861
1486    1861
1487    1861
1488    1861
1489    1801
1490    1801
1491    1801
1492    1801
1493    1801
1494    1801
1495    1872
1496    1872
1497    1872
1498    1872
1499    1872
1500    1872
1501    1813
1502    1813
1503    1813
1504    1813
1505    1813
1506    1813
1507    1813
1508    1813
1509    1813
1510    1813
1511    1813
1512    1813
1513    1811
1514    1811
1515    1811
1516    1811
1517    1811
1518    1811
1519    1811
1520    1811
1521    1811
1522    1811
1523    1811
1524    1811
1525    1739
1526    1739
1527    1739
1528    1739
1529    1739
1530    1739
1531    1867
1532    1867
1533    1867
1534    1867
1535    1867
1536    1867
1537    1768
1538    1768
1539    1768
1540    1768
1541    1768
1542    1768
1543    1768
1544    1768
1545    1768
1546    1768
1547    1768
1548    1768
1549    1774
1550    1774
1551    1774
1552    1774
1553    1774
1554    1774
1555    1774
1556    1774
1557    1774
1558    1774
1559    1774
1560    1774
1561    1650
1562    1650
1563    1650
1564    1650
1565    1650
1566    1650
1567    1751
1568    1751
1569    1751
1570    1751
1571    1751
1572    1751
1573    1600
1574    1600
1575    1600
1576    1600
1577    1600
1578    1600
1579    1600
1580    1600
1581    1600
1582    1600
1583    1600
1584    1600
1585    1584
1586    1584
1587    1584
1588    1584
1589    1584
1590    1584
1591    1584
1592    1584
1593    1584
1594    1584
1595    1584
1596    1584
1597    1387
1598    1387
1599    1387
1600    1387
1601    1387
1602    1387
1603    1559
1604    1559
1605    1559
1606    1559
1607    1559
1608    1559
1609    1375
1610    1375
1611    1375
1612    1375
1613    1375
1614    1375
1615    1375
1616    1375
1617    1375
1618    1375
1619    1375
1620    1375
1621    1361
1622    1361
1623    1361
1624    1361
1625    1361
1626    1361
1627    1361
1628    1361
1629    1361
1630    1361
1631    1361
1632    1361
1633    1122
1634    1122
1635    1122
1636    1122
1637    1122
1638    1122
1639    1315
1640    1315
1641    1315
1642    1315
1643    1315
1644    1315
1645    1107
1646    1107
1647    1107
1648    1107
1649    1107
1650    1107
1651    1107
1652    1107
1653    1107
1654    1107
1655    1107
1656    1107
1657    1082
1658    1082
1659    1082
1660    1082
1661    1082
1662    1082
1663    1082
1664    1082
1665    1082
1666    1082
1667    1082
1668    1082
1669    852
1670    852
1671    852
1672    852
1673    852
1674    852
1675    1070
1676    1070
1677    1070
1678    1070
1679    1070
1680    1070
1681    835
1682    835
1683    835
1684    835
1685    835
1686    835
1687    835
1688    835
1689    835
1690    835
1691    835
1692    835
1693    861
1694    861
1695    861
1696    861
1697    861
1698    861
1699    861
1700    861
1701    861
1702    861
1703    861
1704    861
1705    602
1706    602
1707    602
1708    602
1709    602
1710    602
1711    808
1712    808
1713    808
1714    808
1715    808
1716    808
1717    616
1718    616
1719    616
1720    616
1721    616
1722    616
1723    616
1724    616
1725    616
1726    616
1727    616
1728    616
1729    628
1730    628
1731    628
1732    628
1733    628
1734    628
1735    628
1736    628
1737    628
1738    628
1739    628
1740    628
1741    406
1742    406
1743    406
1744    406
1745    406
1746    406
1747    583
1748    583
1749    583
1750    583
1751    583
1752    583
1753    399
1754    399
1755    399
1756    399
1757    399
1758    399
1759    399
1760    399
1761    399
1762    399
1763    399
1764    399
1765    416
1766    416
1767    416
1768    416
1769    416
1770    416
1771    416
1772    416
1773    416
1774    416
1775    416
1776    416
1777    267
1778    267
1779    267
1780    267
1781    267
1782    267
1783    405
1784    405
1785    405
1786    405
1787    405
1788    405
1789    250
1790    250
1791    250
1792    250
1793    250
1794    250
1795    250
1796    250
1797    250
1798    250
1799    250
1800    250
1801    231
1802    231
1803    231
1804    231
1805    231
1806    231
1807    231
1808    231
1809    231
1810    231
1811    231
1812    231
1813    139
1814    139
1815    139
1816    139
1817    139
1818    139
1819    233
1820    233
1821    233
1822    233
1823    233
1824    233
1825    158
1826    158
1827    158
1828    158
1829    158
1830    158
1831    158
1832    158
1833    158
1834    158
1835    158
1836    158
1837    153
1838    153
1839    153
1840    153
1841    153
1842    153
1843    153
1844    153
1845    153
1846    153
1847    153
1848    153
1849    96
1850    96
1851    96
1852    96
1853    96
1854    96
1855    154
1856    154
1857    154
1858    154
1859    154
1860    154
1861    86
1862    86
1863    86
1864    86
1865    86
1866    86
1867    86
1868    86
1869    86
1870    86
1871    86
1872    86
1873    88
1874    88
1875    88
1876    88
1877    88
1878    88
1879    88
1880    88
1881    88
1882    88
1883    88
1884    88
1885    44
1886    44
1887    44
1888    44
1889    44
1890    44
1891    72
1892    72
1893    72
1894    72
1895    72
1896    72
1897    42
1898    42
1899    42
1900    42
1901    42
1902    42
1903    42
1904    42
1905    42
1906    42
1907    42
1908    42
1909    51
1910    51
1911    51
1912    51
1913    51
1914    51
1915    51
1916    51
1917    51
1918    51
1919    51
1920    51
1921    30
1922    30
1923    30
1924    30
1925    30
1926    30
1927    48
1928    48
1929    48
1930    48
1931    48
1932    48
1933    30
1934    30
1935    30
1936    30
1937    30
1938    30
1939    30
1940    30
1941    30
1942    30
1943    30
1944    30
1945    30
1946    30
1947    30
1948    30
1949    30
1950    30
1951    30
1952    30
1953    30
1954    30
1955    30
1956    30
1957    19
1958    19
1959    19
1960    19
1961    19
1962    19
1963    30
1964    30
1965    30
1966    30
1967    30
1968    30
1969    19
1970    19
1971    19
1972    19
1973    19
1974    19
1975    19
1976    19
1977    19
1978    19
1979    19
1980    19
1981    18
1982    18
1983    18
1984    18
1985    18
1986    18
1987    18
1988    18
1989    18
1990    18
1991    18
1992    18
1993    10
1994    10
1995    10
1996    10
1997    10
1998    10
1999    19
2000    19
2001    19
2002    19
2003    19
2004    19
2005    10
2006    10
2007    10
2008    10
2009    10
2010    10
2011    10
2012    10
2013    10
2014    10
2015    10
2016    10
2017    8
2018    8
2019    8
2020    8
2021    8
2022    8
2023    8
2024    8
2025    8
2026    8
2027    8
2028    8
2029    4
2030    4
2031    4
2032    4
2033    4
2034    4
2035    8
2036    8
2037    8
2038    8
2039    8
2040    8
2041    1
2042    1
2043    1
2044    1
2045    1
2046    1
2047    1
2048    1
2049    1
2050    1
2051    1
2052    1
2053    1
2054    1
2055    1
2056    1
2057    1
2058    1
2059    1
2060    1
2061    1
2062    1
2063    1
2064    1
2065    0
2066    0
2067    0
2068    0
2069    0
2070    0
2071    0
2072    0
2073    0
2074    0
2075    0
2076    0
2077    0
2078    0
2079    0
2080    0
2081    0
2082    0
2083    0
2084    0
2085    0
2086    0
2087    0
2088    0
2089    0
2090    0
2091    0
2092    0
2093    0
2094    0
2095    0
2096    0
2097    0
2098    0
2099    0
2100    0
2101    0
2102    0
2103    0
2104    0
2105    0
2106    0
2107    0
2108    0
2109    0
2110    0
2111    0
2112    0
2113    0
2114    0
2115    0
2116    0
2117    0
2118    0
2119    0
2120    0
2121    0
2122    0
2123    0
2124    0
2125    0
2126    0
2127    0
2128    0
2129    0
2130    0
2131    0
2132    0
2133    0
2134    0
2135    0
2136    0
2137    0
2138    0
2139    0
2140    0
2141    0
2142    0
2143    0
2144    0
2145    0
2146    0
2147    0
2148    0
2149    0
2150    0
2151    0
2152    0
2153    0
2154    0
2155    0
2156    0
2157    0
2158    0
2159    0
2160    0
2161    0
2162    0
2163    0
2164    0
2165    0
2166    0
2167    0
2168    0
2169    0
2170    0
2171    0
2172    0
2173    0
2174    0
2175    0
2176    0
2177    0
2178    0
2179    0
2180    0
2181    0
2182    0
2183    0
2184    0
2185    0
2186    0
2187    0
2188    0
2189    0
2190    0
2191    0
2192    0
2193    0
2194    0
2195    0
2196    0
2197    0
2198    0
2199    0
2200    0
2201    0
2202    0
2203    0
2204    0
2205    0
2206    0
2207    0
2208    0
2209    0
2210    0
2211    0
2212    0
2213    0
2214    0
2215    0
2216    0
2217    0
2218    0
2219    0
2220    0
2221    0
2222    0
2223    0
2224    0
2225    0
2226    0
2227    0
2228    0
2229    0
2230    0
2231    0
2232    0
2233    0
2234    0
2235    0
2236    0
2237    0
2238    0
2239    0
2240    0
2241    0
2242    0
2243    0
2244    0
2245    0
2246    0
2247    0
2248    0
2249    0
2250    0
2251    0
2252    0
2253    0
2254    0
2255    0
2256    0
2257    0
2258    0
2259    0
2260    0
2261    0
2262    0
2263    0
2264    0
2265    0
2266    0
2267    0
2268    0
2269    0
2270    0
2271    0
2272    0
2273    0
2274    0
2275    0
2276    0
2277    0
2278    0
2279    0
2280    0
2281    0
2282    0
2283    0
2284    0
2285    0
2286    0
2287    0
2288    0
2289    0
2290    0
2291    0
2292    0
2293    0
2294    0
2295    0
2296    0
2297    0
2298    0
2299    0
2300    0
2301    0
2302    0
2303    0
2304    0
2305    0
2306    0
2307    0
2308    0
2309    0
2310    0
2311    0
2312    0
2313    0
2314    0
2315    0
2316    0
2317    0
2318    0
2319    0
2320    0
2321    0
2322    0
2323    0
2324    0
2325    0
2326    0
2327    0
2328    0
2329    0
2330    0
2331    0
2332    0
2333    0
2334    0
2335    0
2336    0
2337    0
2338    0
2339    0
2340    0
2341    0
2342    0
2343    0
2344    0
2345    0
2346    0
2347    0
2348    0
2349    0
2350    0
2351    0
2352    0
2353    0
2354    0
2355    0
2356    0
2357    0
2358    0
2359    0
2360    0
2361    0
2362    0
2363    0
2364    0
2365    0
2366    0
2367    0
2368    0
2369    0
2370    0
2371    0
2372    0
2373    0
2374    0
2375    0
2376    0
2377    0
2378    0
2379    0
2380    0
2381    0
2382    0
2383    0
2384    0
2385    0
2386    0
2387    0
2388    0
2389    0
2390    0
2391    0
2392    0
2393    0
2394    0
2395    0
2396    0
2397    0
2398    0
2399    0
2400    0
2401    0
2402    0
2403    0
2404    0
2405    0
2406    0
2407    0
2408    0
2409    0
2410    0
2411    0
2412    0
2413    0
2414    0
2415    0
2416    0
2417    0
2418    0
2419    0
2420    0
2421    0
2422    0
2423    0
2424    0
2425    0
2426    0
2427    0
2428    0
2429    0
2430    0
2431    0
2432    0
2433    0
2434    0
2435    0
2436    0
2437    0
2438    0
2439    0
2440    0
2441    0
2442    0
2443    0
2444    0
2445    0
2446    0
2447    0
2448    0
2449    0
2450    0
2451    0
2452    0
2453    0
2454    0
2455    0
2456    0
2457    0
2458    0
2459    0
2460    0
2461    0
2462    0
2463    0
2464    0
2465    0
2466    0
2467    0
2468    0
2469    0
2470    0
2471    0
2472    0
2473    0
2474    0
2475    0
2476    0
2477    0
2478    0
2479    0
2480    0
2481    0
2482    0
2483    0
2484    0
2485    0
2486    0
2487    0
2488    0
2489    0
2490    0
2491    0
2492    0
2493    0
2494    0
2495    0
2496    0
2497    0
2498    0
2499    0
2500    0
2501    0
2502    0
2503    0
2504    0
2505    0
2506    0
2507    0
2508    0
2509    0
2510    0
2511    0
2512    0
2513    0
2514    0
2515    0
2516    0
2517    0
2518    0
2519    0
2520    0
2521    0
2522    0
2523    0
2524    0
2525    0
2526    0
2527    0
2528    0
2529    0
2530    0
2531    0
2532    0
2533    0
2534    0
2535    0
2536    0
2537    0
2538    0
2539    0
2540    0
2541    0
2542    0
2543    0
2544    0
2545    0
2546    0
2547    0
2548    0
2549    0
2550    0
2551    0
2552    0
2553    0
2554    0
2555    0
2556    0
2557    0
2558    0
2559    0
2560    0
2561    0
2562    0
2563    0
2564    0
2565    0
2566    0
2567    0
2568    0
2569    0
2570    0
2571    0
2572    0
2573    0
2574    0
2575    0
2576    0
2577    0
2578    0
2579    0
2580    0
2581    0
2582    0
2583    0
2584    0
2585    0
2586    0
2587    0
2588    0
2589    0
2590    0
2591    0
2592    0
2593    0
2594    0
2595    0
2596    0
2597    0
2598    0
2599    0
2600    0
2601    0
2602    0
2603    0
2604    0
2605    0
2606    0
2607    0
2608    0
2609    0
2610    0
2611    0
2612    0
2613    0
2614    0
2615    0
2616    0
2617    0
2618    0
2619    0
2620    0
2621    0
2622    0
2623    0
2624    0
2625    0
2626    0
2627    0
2628    0
2629    0
2630    0
2631    0
2632    0
2633    0
2634    0
2635    0
2636    0
2637    0
2638    0
2639    0
2640    0
2641    0
2642    0
2643    0
2644    0
2645    0
2646    0
2647    0
2648    0
2649    0
2650    0
2651    0
2652    0
2653    0
2654    0
2655    0
2656    0
2657    0
2658    0
2659    0
2660    0
2661    0
2662    0
2663    0
2664    0
2665    0
2666    0
2667    0
2668    0
2669    0
2670    0
2671    0
2672    0
2673    0
2674    0
2675    0
2676    0
2677    0
2678    0
2679    0
2680    0
2681    0
2682    0
2683    0
2684    0
2685    0
2686    0
2687    0
2688    0
2689    0
2690    0
2691    0
2692    0
2693    0
2694    0
2695    0
2696    0
2697    0
2698    0
2699    0
2700    0
2701    0
2702    0
2703    0
2704    0
2705    0
2706    0
2707    0
2708    0
2709    0
2710    0
2711    0
2712    0
2713    0
2714    0
2715    0
2716    0
2717    0
2718    0
2719    0
2720    0
2721    0
2722    0
2723    0
2724    0
2725    0
2726    0
2727    0
2728    0
2729    0
2730    0
2731    0
2732    0
2733    0
2734    0
2735    0
2736    0
2737    0
2738    0
2739    0
2740    0
2741    0
2742    0
2743    0
2744    0
2745    0
2746    0
2747    0
2748    0
2749    0
2750    0
2751    0
2752    0
2753    0
2754    0
2755    0
2756    0
2757    0
2758    0
2759    0
2760    0
2761    0
2762    0
2763    0
2764    0
2765    0
2766    0
2767    0
2768    0
2769    0
2770    0
2771    0
2772    0
2773    0
2774    0
2775    0
2776    0
2777    0
2778    0
2779    0
2780    0
2781    0
2782    0
2783    0
2784    0
2785    0
2786    0
2787    0
2788    0
2789    0
2790    0
2791    0
2792    0
2793    0
2794    0
2795    0
2796    0
2797    0
2798    0
2799    0
2800    0
2801    0
2802    0
2803    0
2804    0
2805    0
2806    0
2807    0
2808    0
2809    0
2810    0
2811    0
2812    0
2813    0
2814    0
2815    0
2816    0
2817    0
2818    0
2819    0
2820    0
2821    0
2822    0
2823    0
2824    0
2825    0
2826    0
2827    0
2828    0
2829    0
2830    0
2831    0
2832    0
2833    0
2834    0
2835    0
2836    0
2837    0
2838    0
2839    0
2840    0
2841    0
2842    0
2843    0
2844    0
2845    0
2846    0
2847    0
2848    0
2849    0
2850    0
2851    0
2852    0
2853    0
2854    0
2855    0
2856    0
2857    0
2858    0
2859    0
2860    0
2861    0
2862    0
2863    0
2864    0
2865    0
2866    0
2867    0
2868    0
2869    0
2870    0
2871    0
2872    0
2873    0
2874    0
2875    0
2876    0
2877    0
2878    0
2879    0
2880    0
2881    0
2882    0
2883    0
2884    0
2885    0
2886    0
2887    0
2888    0
2889    0
2890    0
2891    0
2892    0
2893    0
2894    0
2895    0
2896    0
2897    0
2898    0
2899    0
2900    0
2901    0
2902    0
2903    0
2904    0
2905    0
2906    0
2907    0
2908    0
2909    0
2910    0
2911    0
2912    0
2913    0
2914    0
2915    0
2916    0
2917    0
2918    0
2919    0
2920    0
2921    0
2922    0
2923    0
2924    0
2925    0
2926    0
2927    0
2928    0
2929    0
2930    0
2931    0
2932    0
2933    0
2934    0
2935    0
2936    0
2937    0
2938    0
2939    0
2940    0
2941    0
2942    0
2943    0
2944    0
2945    0
2946    0
2947    0
2948    0
2949    0
2950    0
2951    0
2952    0
2953    0
2954    0
2955    0
2956    0
2957    0
2958    0
2959    0
2960    0
2961    0
2962    0
2963    0
2964    0
2965    0
2966    0
2967    0
2968    0
2969    0
2970    0
2971    0
2972    0
2973    0
2974    0
2975    0
2976    0
2977    0
2978    0
2979    0
2980    0
2981    0
2982    0
2983    0
2984    0
2985    0
2986    0
2987    0
2988    0
2989    0
2990    0
2991    0
2992    0
2993    0
2994    0
2995    0
2996    0
2997    0
2998    0
2999    0
3000    0
3001    0
3002    0
3003    0
3004    0
3005    0
3006    0
3007    0
3008    0
3009    0
3010    0
3011    0
3012    0
3013    0
3014    0
3015    0
3016    0
3017    0
3018    0
3019    0
3020    0
3021    0
3022    0
3023    0
3024    0
3025    0
3026    0
3027    0
3028    0
3029    0
3030    0
3031    0
3032    0
3033    0
3034    0
3035    0
3036    0
3037    0
3038    0
3039    0
3040    0
3041    0
3042    0
3043    0
3044    0
3045    0
3046    0
3047    0
3048    0
3049    0
3050    0
3051    0
3052    0
3053    0
3054    0
3055    0
3056    0
3057    0
3058    0
3059    0
3060    0
3061    0
3062    0
3063    0
3064    0
3065    0
3066    0
3067    0
3068    0
3069    0
3070    0
3071    0
3072    0
3073    0
3074    0
3075    0
3076    0
3077    0
3078    0
3079    0
3080    0
3081    0
3082    0
3083    0
3084    0
3085    0
3086    0
3087    0
3088    0
3089    0
3090    0
3091    0
3092    0
3093    0
3094    0
3095    0
3096    0
3097    0
3098    0
3099    0
3100    0
3101    0
3102    0
3103    0
3104    0
3105    0
3106    0
3107    0
3108    0
3109    0
3110    0
3111    0
3112    0
3113    0
3114    0
3115    0
3116    0
3117    0
3118    0
3119    0
3120    0
3121    0
3122    0
3123    0
3124    0
3125    0
3126    0
3127    0
3128    0
3129    0
3130    0
3131    0
3132    0
3133    0
3134    0
3135    0
3136    0
3137    0
3138    0
3139    0
3140    0
3141    0
3142    0
3143    0
3144    0
3145    0
3146    0
3147    0
3148    0
3149    0
3150    0
3151    0
3152    0
3153    0
3154    0
3155    0
3156    0
3157    0
3158    0
3159    0
3160    0
3161    0
3162    0
3163    0
3164    0
3165    0
3166    0
3167    0
3168    0
3169    0
3170    0
3171    0
3172    0
3173    0
3174    0
3175    0
3176    0
3177    0
3178    0
3179    0
3180    0
3181    0
3182    0
3183    0
3184    0
3185    0
3186    0
3187    0
3188    0
3189    0
3190    0
3191    0
3192    0
3193    0
3194    0
3195    0
3196    0
3197    0
3198    0
3199    0
3200    0
3201    0
3202    0
3203    0
3204    0
3205    0
3206    0
3207    0
3208    0
3209    0
3210    0
3211    0
3212    0
3213    0
3214    0
3215    0
3216    0
3217    0
3218    0
3219    0
3220    0
3221    0
3222    0
3223    0
3224    0
3225    0
3226    0
3227    0
3228    0
3229    0
3230    0
3231    0
3232    0
3233    0
3234    0
3235    0
3236    0
3237    0
3238    0
3239    0
3240    0
3241    0
3242    0
3243    0
3244    0
3245    0
3246    0
3247    0
3248    0
3249    0
3250    0
3251    0
3252    0
3253    0
3254    0
3255    0
3256    0
3257    0
3258    0
3259    0
3260    0
3261    0
3262    0
3263    0
3264    0
3265    0
3266    0
3267    0
3268    0
3269    0
3270    0
3271    0
3272    0
3273    0
3274    0
3275    0
3276    0
3277    0
3278    0
3279    0
3280    0
3281    0
3282    0
3283    0
3284    0
3285    0
3286    0
3287    0
3288    0
3289    0
3290    0
3291    0
3292    0
3293    0
3294    0
3295    0
3296    0
3297    0
3298    0
3299    0
3300    0
3301    0
3302    0
3303    0
3304    0
3305    0
3306    0
3307    0
3308    0
3309    0
3310    0
3311    0
3312    0
3313    0
3314    0
3315    0
3316    0
3317    0
3318    0
3319    0
3320    0
3321    0
3322    0
3323    0
3324    0
3325    0
3326    0
3327    0
3328    0
3329    0
3330    0
3331    0
3332    0
3333    0
3334    0
3335    0
3336    0
3337    0
3338    0
3339    0
3340    0
3341    0
3342    0
3343    0
3344    0
3345    0
3346    0
3347    0
3348    0
3349    0
3350    0
3351    0
3352    0
3353    0
3354    0
3355    0
3356    0
3357    0
3358    0
3359    0
3360    0
3361    0
3362    0
3363    0
3364    0
3365    0
3366    0
3367    0
3368    0
3369    0
3370    0
3371    0
3372    0
3373    0
3374    0
3375    0
3376    0
3377    0
3378    0
3379    0
3380    0
3381    0
3382    0
3383    0
3384    0
3385    0
3386    0
3387    0
3388    0
3389    0
3390    0
3391    0
3392    0
3393    0
3394    0
3395    0
3396    0
3397    0
3398    0
3399    0
3400    0
3401    0
3402    0
3403    0
3404    0
3405    0
3406    0
3407    0
3408    0
3409    0
3410    0
3411    0
3412    0
3413    0
3414    0
3415    0
3416    0
3417    0
3418    0
3419    0
3420    0
3421    0
3422    0
3423    0
3424    0
3425    0
3426    0
3427    0
3428    0
3429    0
3430    0
3431    0
3432    0
3433    0
3434    0
3435    0
3436    0
3437    0
3438    0
3439    0
3440    0
3441    0
3442    0
3443    0
3444    0
3445    0
3446    0
3447    0
3448    0
3449    0
3450    0
3451    0
3452    0
3453    0
3454    0
3455    0
3456    0
3457    0
3458    0
3459    0
3460    0
3461    0
3462    0
3463    0
3464    0
3465    0
3466    0
3467    0
3468    0
3469    0
3470    0
3471    0
3472    0
3473    0
3474    0
3475    0
3476    0
3477    0
3478    0
3479    0
3480    0
3481    0
3482    0
3483    0
3484    0
3485    0
3486    0
3487    0
3488    0
3489    0
3490    0
3491    0
3492    0
3493    0
3494    0
3495    0
3496    0
3497    0
3498    0
3499    0
3500    0
3501    0
3502    0
3503    0
3504    0
3505    0
3506    0
3507    0
3508    0
3509    0
3510    0
3511    0
3512    0
3513    0
3514    0
3515    0
3516    0
3517    0
3518    0
3519    0
3520    0
3521    0
3522    0
3523    0
3524    0
3525    0
3526    0
3527    0
3528    0
3529    0
3530    0
3531    0
3532    0
3533    0
3534    0
3535    0
3536    0
3537    0
3538    0
3539    0
3540    0
3541    0
3542    0
3543    0
3544    0
3545    0
3546    0
3547    0
3548    0
3549    0
3550    0
3551    0
3552    0
3553    0
3554    0
3555    0
3556    0
3557    0
3558    0
3559    0
3560    0
3561    0
3562    0
3563    0
3564    0
3565    0
3566    0
3567    0
3568    0
3569    0
3570    0
3571    0
3572    0
3573    0
3574    0
3575    0
3576    0
3577    0
3578    0
3579    0
3580    0
3581    0
3582    0
3583    0
3584    0
3585    0
3586    0
3587    0
3588    0
3589    0
3590    0
3591    0
3592    0
3593    0
3594    0
3595    0
3596    0
3597    0
3598    0
3599    0
3600    0
3601    0
3602    0
3603    0
3604    0
3605    0
3606    0
3607    0
3608    0
3609    0
3610    0
3611    0
3612    0
3613    0
3614    0
3615    0
3616    0
3617    0
3618    0
3619    0
3620    0
3621    0
3622    0
3623    0
3624    0
3625    0
3626    0
3627    0
3628    0
3629    0
3630    0
3631    0
3632    0
3633    0
3634    0
3635    0
3636    0
3637    0
3638    0
3639    0
3640    0
3641    0
3642    0
3643    0
3644    0
3645    0
3646    0
3647    0
3648    0
3649    0
3650    0
3651    0
3652    0
3653    0
3654    0
3655    0
3656    0
3657    0
3658    0
3659    0
3660    0
3661    0
3662    0
3663    0
3664    0
3665    0
3666    0
3667    0
3668    0
3669    0
3670    0
3671    0
3672    0
3673    0
3674    0
3675    0
3676    0
3677    0
3678    0
3679    0
3680    0
3681    0
3682    0
3683    0
3684    0
3685    0
3686    0
3687    0
3688    0
3689    0
3690    0
3691    0
3692    0
3693    0
3694    0
3695    0
3696    0
3697    0
3698    0
3699    0
3700    0
3701    0
3702    0
3703    0
3704    0
3705    0
3706    0
3707    0
3708    0
3709    0
3710    0
3711    0
3712    0
3713    0
3714    0
3715    0
3716    0
3717    0
3718    0
3719    0
3720    0
3721    0
3722    0
3723    0
3724    0
3725    0
3726    0
3727    0
3728    0
3729    0
3730    0
3731    0
3732    0
3733    0
3734    0
3735    0
3736    0
3737    0
3738    0
3739    0
3740    0
3741    0
3742    0
3743    0
3744    0
3745    0
3746    0
3747    0
3748    0
3749    0
3750    0
3751    0
3752    0
3753    0
3754    0
3755    0
3756    0
3757    0
3758    0
3759    0
3760    0
3761    0
3762    0
3763    0
3764    0
3765    0
3766    0
3767    0
3768    0
3769    0
3770    0
3771    0
3772    0
3773    0
3774    0
3775    0
3776    0
3777    0
3778    0
3779    0
3780    0
3781    0
3782    0
3783    0
3784    0
3785    0
3786    0
3787    0
3788    0
3789    0
3790    0
3791    0
3792    0
3793    0
3794    0
3795    0
3796    0
3797    0
3798    0
3799    0
3800    0
3801    0
3802    0
3803    0
3804    0
3805    0
3806    0
3807    0
3808    0
3809    0
3810    0
3811    0
3812    0
3813    0
3814    0
3815    0
3816    0
3817    0
3818    0
3819    0
3820    0
3821    0
3822    0
3823    0
3824    0
3825    0
3826    0
3827    0
3828    0
3829    0
3830    0
3831    0
3832    0
3833    0
3834    0
3835    0
3836    0
3837    0
3838    0
3839    0
3840    0
3841    0
3842    0
3843    0
3844    0
3845    0
3846    0
3847    0
3848    0
3849    0
3850    0
3851    0
3852    0
3853    0
3854    0
3855    0
3856    0
3857    0
3858    0
3859    0
3860    0
3861    0
3862    0
3863    0
3864    0
3865    0
3866    0
3867    0
3868    0
3869    0
3870    0
3871    0
3872    0
3873    0
3874    0
3875    0
3876    0
3877    0
3878    0
3879    0
3880    0
3881    0
3882    0
3883    0
3884    0
3885    0
3886    0
3887    0
3888    0
3889    0
3890    0
3891    0
3892    0
3893    0
3894    0
3895    0
3896    0
3897    0
3898    0
3899    0
3900    0
3901    0
3902    0
3903    0
3904    0
3905    0
3906    0
3907    0
3908    0
3909    0
3910    0
3911    0
3912    0
3913    0
3914    0
3915    0
3916    0
3917    0
3918    0
3919    0
3920    0
3921    0
3922    0
3923    0
3924    0
3925    0
3926    0
3927    0
3928    0
3929    0
3930    0
3931    0
3932    0
3933    0
3934    0
3935    0
3936    0
3937    0
3938    0
3939    0
3940    0
3941    0
3942    0
3943    0
3944    0
3945    0
3946    0
3947    0
3948    0
3949    0
3950    0
3951    0
3952    0
3953    0
3954    0
3955    0
3956    0
3957    0
3958    0
3959    0
3960    0
3961    0
3962    0
3963    0
3964    0
3965    0
3966    0
3967    0
3968    0
3969    0
3970    0
3971    0
3972    0
3973    0
3974    0
3975    0
3976    0
3977    0
3978    0
3979    0
3980    0
3981    0
3982    0
3983    0
3984    0
3985    0
3986    0
3987    0
3988    0
3989    0
3990    0
3991    0
3992    0
3993    0
3994    0
3995    0
3996    0
3997    0
3998    0
3999    0
4000    0
4001    0
4002    0
4003    0
4004    0
4005    0
4006    0
4007    0
4008    0
4009    0
4010    0
4011    0
4012    0
4013    0
4014    0
4015    0
4016    0
4017    0
4018    0
4019    0
4020    0
4021    0
4022    0
4023    0
4024    0
4025    0
4026    0
4027    0
4028    0
4029    0
4030    0
4031    0
4032    0
4033    0
4034    0
4035    0
4036    0
4037    0
4038    0
4039    0
4040    0
4041    0
4042    0
4043    0
4044    0
4045    0
4046    0
4047    0
4048    0
4049    0
4050    0
4051    0
4052    0
4053    0
4054    0
4055    0
4056    0
4057    0
4058    0
4059    0
4060    0
4061    0
4062    0
4063    0
4064    0
4065    0
4066    0
4067    0
4068    0
4069    0
4070    0
4071    0
4072    0
4073    0
4074    0
4075    0
4076    0
4077    0
4078    0
4079    0
4080    0
4081    0
4082    0
4083    0
4084    0
4085    0
4086    0
4087    0
4088    0
4089    0
4090    0
4091    0
4092    0
4093    0
4094    0
4095    0
4096    0
4097    0
4098    0
4099    0
4100    0
4101    0
4102    0
4103    0
4104    0
4105    0
4106    0
4107    0
4108    0
4109    0
4110    0
4111    0
4112    0
4113    0
4114    0
4115    0
4116    0
4117    0
4118    0
4119    0
4120    0
4121    0
4122    0
4123    0
4124    0
4125    0
4126    0
4127    0
4128    0
4129    0
4130    0
4131    0
4132    0
4133    0
4134    0
4135    0
4136    0
4137    0
4138    0
4139    0
4140    0
4141    0
4142    0
4143    0
4144    0
4145    0
4146    0
4147    0
4148    0
4149    0
4150    0
4151    0
4152    0
4153    0
4154    0
4155    0
4156    0
4157    0
4158    0
4159    0
4160    0
4161    0
4162    0
4163    0
4164    0
4165    0
4166    0
4167    0
4168    0
4169    0
4170    0
4171    0
4172    0
4173    0
4174    0
4175    0
4176    0
4177    0
4178    0
4179    0
4180    0
4181    0
4182    0
4183    0
4184    0
4185    0
4186    0
4187    0
4188    0
4189    0
4190    0
4191    0
4192    0
4193    0
4194    0
4195    0
4196    0
4197    0
4198    0
4199    0
4200    0
4201    0
4202    0
4203    0
4204    0
4205    0
4206    0
4207    0
4208    0
4209    0
4210    0
4211    0
4212    0
4213    0
4214    0
4215    0
4216    0
4217    0
4218    0
4219    0
4220    0
4221    0
4222    0
4223    0
4224    0
4225    0
4226    0
4227    0
4228    0
4229    0
4230    0
4231    0
4232    0
4233    0
4234    0
4235    0
4236    0
4237    0
4238    0
4239    0
4240    0
4241    0
4242    0
4243    0
4244    0
4245    0
4246    0
4247    0
4248    0
4249    0
4250    0
4251    0
4252    0
4253    0
4254    0
4255    0
4256    0
4257    0
4258    0
4259    0
4260    0
4261    0
4262    0
4263    0
4264    0
4265    0
4266    0
4267    0
4268    0
4269    0
4270    0
4271    0
4272    0
4273    0
4274    0
4275    0
4276    0
4277    0
4278    0
4279    0
4280    0
4281    0
4282    0
4283    0
4284    0
4285    0
4286    0
4287    0
4288    0
4289    0
4290    0
4291    0
4292    0
4293    0
4294    0
4295    0
4296    0
4297    0
4298    0
4299    0
4300    0
4301    0
4302    0
4303    0
4304    0
4305    0
4306    0
4307    0
4308    0
4309    0
4310    0
4311    0
4312    0
4313    0
4314    0
4315    0
4316    0
4317    0
4318    0
4319    0
4320    0
4321    0
4322    0
4323    0
4324    0
4325    0
4326    0
4327    0
4328    0
4329    0
4330    0
4331    0
4332    0
4333    0
4334    0
4335    0
4336    0
4337    0
4338    0
4339    0
4340    0
4341    0
4342    0
4343    0
4344    0
4345    0
4346    0
4347    0
4348    0
4349    0
4350    0
4351    0
4352    0
4353    0
4354    0
4355    0
4356    0
4357    0
4358    0
4359    0
4360    0
4361    0
4362    0
4363    0
4364    0
4365    0
4366    0
4367    0
4368    0
4369    0
4370    0
4371    0
4372    0
4373    0
4374    0
4375    0
4376    0
4377    0
4378    0
4379    0
4380    0
4381    0
4382    0
4383    0
4384    0
4385    0
4386    0
4387    0
4388    0
4389    0
4390    0
4391    0
4392    0
4393    0
4394    0
4395    0
4396    0
4397    0
4398    0
4399    0
4400    0
4401    0
4402    0
4403    0
4404    0
4405    0
4406    0
4407    0
4408    0
4409    0
4410    0
4411    0
4412    0
4413    0
4414    0
4415    0
4416    0
4417    0
4418    0
4419    0
4420    0
4421    0
4422    0
4423    0
4424    0
4425    0
4426    0
4427    0
4428    0
4429    0
4430    0
4431    0
4432    0
4433    0
4434    0
4435    0
4436    0
4437    0
4438    0
4439    0
4440    0
4441    0
4442    0
4443    0
4444    0
4445    0
4446    0
4447    0
4448    0
4449    0
4450    0
4451    0
4452    0
4453    0
4454    0
4455    0
4456    0
4457    0
4458    0
4459    0
4460    0
4461    0
4462    0
4463    0
4464    0
4465    0
4466    0
4467    0
4468    0
4469    0
4470    0
4471    0
4472    0
4473    0
4474    0
4475    0
4476    0
4477    0
4478    0
4479    0
4480    0
4481    0
4482    0
4483    0
4484    0
4485    0
4486    0
4487    0
4488    0
4489    0
4490    0
4491    0
4492    0
4493    0
4494    0
4495    0
4496    0
4497    0
4498    0
4499    0
4500    0
4501    0
4502    0
4503    0
4504    0
4505    0
4506    0
4507    0
4508    0
4509    0
4510    0
4511    0
4512    0
4513    0
4514    0
4515    0
4516    0
4517    0
4518    0
4519    0
4520    0
4521    0
4522    0
4523    0
4524    0
4525    0
4526    0
4527    0
4528    0
4529    0
4530    0
4531    0
4532    0
4533    0
4534    0
4535    0
4536    0
4537    0
4538    0
4539    0
4540    0
4541    0
4542    0
4543    0
4544    0
4545    0
4546    0
4547    0
4548    0
4549    0
4550    0
4551    0
4552    0
4553    0
4554    0
4555    0
4556    0
4557    0
4558    0
4559    0
4560    0
4561    0
4562    0
4563    0
4564    0
4565    0
4566    0
4567    0
4568    0
4569    0
4570    0
4571    0
4572    0
4573    0
4574    0
4575    0
4576    0
4577    0
4578    0
4579    0
4580    0
4581    0
4582    0
4583    0
4584    0
4585    0
4586    0
4587    0
4588    0
4589    0
4590    0
4591    0
4592    0
4593    0
4594    0
4595    0
4596    0
4597    0
4598    0
4599    0
4600    0
4601    0
4602    0
4603    0
4604    0
4605    0
4606    0
4607    0
4608    0
4609    0
4610    0
4611    0
4612    0
4613    0
4614    0
4615    0
4616    0
4617    0
4618    0
4619    0
4620    0
4621    0
4622    0
4623    0
4624    0
4625    0
4626    0
4627    0
4628    0
4629    0
4630    0
4631    0
4632    0
4633    0
4634    0
4635    0
4636    0
4637    0
4638    0
4639    0
4640    0
4641    0
4642    0
4643    0
4644    0
4645    0
4646    0
4647    0
4648    0
4649    0
4650    0
4651    0
4652    0
4653    0
4654    0
4655    0
4656    0
4657    0
4658    0
4659    0
4660    0
4661    0
4662    0
4663    0
4664    0
4665    0
4666    0
4667    0
4668    0
4669    0
4670    0
4671    0
4672    0
4673    0
4674    0
4675    0
4676    0
4677    0
4678    0
4679    0
4680    0
4681    0
4682    0
4683    0
4684    0
4685    0
4686    0
4687    0
4688    0
4689    0
4690    0
4691    0
4692    0
4693    0
4694    0
4695    0
4696    0
4697    0
4698    0
4699    0
4700    0
4701    0
4702    0
4703    0
4704    0
4705    0
4706    0
4707    0
4708    0
4709    0
4710    0
4711    0
4712    0
4713    0
4714    0
4715    0
4716    0
4717    0
4718    0
4719    0
4720    0
4721    0
4722    0
4723    0
4724    0
4725    0
4726    0
4727    0
4728    0
4729    0
4730    0
4731    0
4732    0
4733    0
4734    0
4735    0
4736    0
4737    0
4738    0
4739    0
4740    0
4741    0
4742    0
4743    0
4744    0
4745    0
4746    0
4747    0
4748    0
4749    0
4750    0
4751    0
4752    0
4753    0
4754    0
4755    0
4756    0
4757    0
4758    0
4759    0
4760    0
4761    0
4762    0
4763    0
4764    0
4765    0
4766    0
4767    0
4768    0
4769    0
4770    0
4771    0
4772    0
4773    0
4774    0
4775    0
4776    0
4777    0
4778    0
4779    0
4780    0
4781    0
4782    0
4783    0
4784    0
4785    0
4786    0
4787    0
4788    0
4789    0
4790    0
4791    0
4792    0
4793    0
4794    0
4795    0
4796    0
4797    0
4798    0
4799    0
4800    0
4801    0
4802    0
4803    0
4804    0
4805    0
4806    0
4807    0
4808    0
4809    0
4810    0
4811    0
4812    0
4813    0
4814    0
4815    0
4816    0
4817    0
4818    0
4819    0
4820    0
4821    0
4822    0
4823    0
4824    0
4825    0
4826    0
4827    0
4828    0
4829    0
4830    0
4831    0
4832    0
4833    0
4834    0
4835    0
4836    0
4837    0
4838    0
4839    0
4840    0
4841    0
4842    0
4843    0
4844    0
4845    0
4846    0
4847    0
4848    0
4849    0
4850    0
4851    0
4852    0
4853    0
4854    0
4855    0
4856    0
4857    0
4858    0
4859    0
4860    0
4861    0
4862    0
4863    0
4864    0
4865    0
4866    0
4867    0
4868    0
4869    0
4870    0
4871    0
4872    0
4873    0
4874    0
4875    0
4876    0
4877    0
4878    0
4879    0
4880    0
4881    0
4882    0
4883    0
4884    0
4885    0
4886    0
4887    0
4888    0
4889    0
4890    0
4891    0
4892    0
4893    0
4894    0
4895    0
4896    0
4897    0
4898    0
4899    0
4900    0
4901    0
4902    0
4903    0
4904    0
4905    0
4906    0
4907    0
4908    0
4909    0
4910    0
4911    0
4912    0
4913    0
4914    0
4915    0
4916    0
4917    0
4918    0
4919    0
4920    0
4921    0
4922    0
4923    0
4924    0
4925    0
4926    0
4927    0
4928    0
4929    0
4930    0
4931    0
4932    0
4933    0
4934    0
4935    0
4936    0
4937    0
4938    0
4939    0
4940    0
4941    0
4942    0
4943    0
4944    0
4945    0
4946    0
4947    0
4948    0
4949    0
4950    0
4951    0
4952    0
4953    0
4954    0
4955    0
4956    0
4957    0
4958    0
4959    0
4960    0
4961    0
4962    0
4963    0
4964    0
4965    0
4966    0
4967    0
4968    0
4969    0
4970    0
4971    0
4972    0
4973    0
4974    0
4975    0
4976    0
4977    0
4978    0
4979    0
4980    0
4981    0
4982    0
4983    0
4984    0
4985    0
4986    0
4987    0
4988    0
4989    0
4990    0
4991    0
4992    0
4993    0
4994    0
4995    0
4996    0
4997    0
4998    0
4999    0
5000    0
