1    0
2    0
3    0
4    0
5    0
6    0
7    0
8    0
9    0
10    0
11    0
12    0
13    0
14    0
15    0
16    0
17    0
18    0
19    0
20    0
21    0
22    0
23    0
24    0
25    0
26    0
27    0
28    0
29    0
30    0
31    0
32    0
33    0
34    0
35    0
36    0
37    0
38    0
39    0
40    0
41    0
42    0
43    0
44    0
45    0
46    0
47    0
48    0
49    0
50    0
51    0
52    0
53    0
54    0
55    0
56    0
57    0
58    0
59    0
60    0
61    0
62    0
63    0
64    0
65    0
66    0
67    0
68    0
69    0
70    0
71    0
72    0
73    0
74    0
75    0
76    0
77    0
78    0
79    0
80    0
81    0
82    0
83    0
84    0
85    0
86    0
87    0
88    0
89    0
90    0
91    0
92    0
93    0
94    0
95    0
96    0
97    0
98    0
99    0
100    0
101    0
102    0
103    0
104    0
105    0
106    0
107    0
108    0
109    0
110    0
111    0
112    0
113    0
114    0
115    0
116    0
117    0
118    0
119    0
120    0
121    0
122    0
123    0
124    0
125    0
126    0
127    0
128    0
129    0
130    0
131    0
132    0
133    0
134    0
135    0
136    0
137    0
138    0
139    0
140    0
141    0
142    0
143    0
144    0
145    0
146    0
147    0
148    0
149    0
150    0
151    0
152    0
153    0
154    0
155    0
156    0
157    0
158    0
159    0
160    0
161    0
162    0
163    0
164    0
165    0
166    0
167    0
168    0
169    0
170    0
171    0
172    0
173    0
174    0
175    0
176    0
177    0
178    0
179    0
180    0
181    0
182    0
183    0
184    0
185    0
186    0
187    0
188    0
189    0
190    0
191    0
192    0
193    0
194    0
195    0
196    0
197    0
198    0
199    0
200    0
201    0
202    0
203    0
204    0
205    0
206    0
207    0
208    0
209    0
210    0
211    0
212    0
213    0
214    0
215    0
216    0
217    0
218    0
219    0
220    0
221    0
222    0
223    0
224    0
225    0
226    0
227    0
228    0
229    0
230    0
231    0
232    0
233    0
234    0
235    0
236    0
237    0
238    0
239    0
240    0
241    0
242    0
243    0
244    0
245    0
246    0
247    0
248    0
249    0
250    0
251    0
252    0
253    0
254    0
255    0
256    0
257    0
258    0
259    0
260    0
261    0
262    0
263    0
264    0
265    0
266    0
267    0
268    0
269    0
270    0
271    0
272    0
273    0
274    0
275    0
276    0
277    0
278    0
279    0
280    0
281    0
282    0
283    0
284    0
285    0
286    0
287    0
288    0
289    0
290    0
291    0
292    0
293    0
294    0
295    0
296    0
297    0
298    0
299    0
300    0
301    0
302    0
303    0
304    0
305    0
306    0
307    0
308    0
309    0
310    0
311    0
312    0
313    0
314    0
315    0
316    0
317    0
318    0
319    0
320    0
321    0
322    0
323    0
324    0
325    0
326    0
327    0
328    0
329    0
330    0
331    0
332    0
333    0
334    0
335    0
336    0
337    0
338    0
339    0
340    0
341    0
342    0
343    0
344    0
345    0
346    0
347    0
348    0
349    0
350    0
351    0
352    0
353    0
354    0
355    0
356    0
357    0
358    0
359    0
360    0
361    0
362    0
363    0
364    0
365    0
366    0
367    0
368    0
369    0
370    0
371    0
372    0
373    0
374    0
375    0
376    0
377    0
378    0
379    1
380    1
381    1
382    1
383    1
384    1
385    1
386    1
387    1
388    1
389    1
390    1
391    1
392    1
393    1
394    1
395    1
396    1
397    1
398    1
399    1
400    1
401    1
402    1
403    1
404    1
405    1
406    1
407    1
408    1
409    1
410    1
411    1
412    1
413    1
414    1
415    0
416    0
417    0
418    0
419    0
420    0
421    0
422    0
423    0
424    0
425    0
426    0
427    0
428    0
429    0
430    0
431    0
432    0
433    0
434    0
435    0
436    0
437    0
438    0
439    0
440    0
441    0
442    0
443    0
444    0
445    0
446    0
447    0
448    0
449    0
450    0
451    0
452    0
453    0
454    0
455    0
456    0
457    0
458    0
459    0
460    0
461    0
462    0
463    0
464    0
465    0
466    0
467    0
468    0
469    0
470    0
471    0
472    0
473    0
474    0
475    0
476    0
477    0
478    0
479    0
480    0
481    0
482    0
483    0
484    0
485    0
486    0
487    0
488    0
489    0
490    0
491    0
492    0
493    0
494    0
495    0
496    0
497    0
498    0
499    0
500    0
501    0
502    0
503    0
504    0
505    0
506    0
507    0
508    0
509    0
510    0
511    0
512    0
513    0
514    0
515    0
516    0
517    0
518    0
519    0
520    0
521    0
522    0
523    0
524    0
525    0
526    0
527    0
528    0
529    0
530    0
531    0
532    0
533    0
534    0
535    0
536    0
537    0
538    0
539    0
540    0
541    0
542    0
543    0
544    0
545    0
546    0
547    0
548    0
549    0
550    0
551    0
552    0
553    0
554    0
555    0
556    0
557    0
558    0
559    0
560    0
561    0
562    0
563    0
564    0
565    0
566    0
567    0
568    0
569    0
570    0
571    0
572    0
573    0
574    0
575    0
576    0
577    0
578    0
579    0
580    0
581    0
582    0
583    0
584    0
585    0
586    0
587    0
588    0
589    0
590    0
591    0
592    0
593    0
594    0
595    0
596    0
597    0
598    0
599    0
600    0
601    0
602    0
603    0
604    0
605    0
606    0
607    0
608    0
609    0
610    0
611    0
612    0
613    0
614    0
615    0
616    0
617    0
618    0
619    0
620    0
621    0
622    0
623    0
624    0
625    0
626    0
627    0
628    0
629    0
630    0
631    0
632    0
633    0
634    0
635    0
636    0
637    0
638    0
639    0
640    0
641    0
642    0
643    0
644    0
645    0
646    0
647    0
648    0
649    0
650    0
651    0
652    0
653    0
654    0
655    0
656    0
657    0
658    0
659    0
660    0
661    0
662    0
663    0
664    0
665    0
666    0
667    0
668    0
669    0
670    0
671    0
672    0
673    0
674    0
675    0
676    0
677    0
678    0
679    0
680    0
681    0
682    0
683    0
684    0
685    0
686    0
687    0
688    0
689    0
690    0
691    0
692    0
693    0
694    0
695    0
696    0
697    0
698    0
699    0
700    0
701    0
702    0
703    0
704    0
705    0
706    0
707    0
708    0
709    0
710    0
711    0
712    0
713    0
714    0
715    0
716    0
717    0
718    0
719    0
720    0
721    0
722    0
723    0
724    0
725    0
726    0
727    0
728    0
729    0
730    0
731    0
732    0
733    0
734    0
735    0
736    0
737    0
738    0
739    0
740    0
741    0
742    0
743    0
744    0
745    0
746    0
747    0
748    0
749    0
750    0
751    0
752    0
753    0
754    0
755    0
756    0
757    0
758    0
759    0
760    0
761    0
762    0
763    0
764    0
765    0
766    0
767    0
768    0
769    0
770    0
771    0
772    0
773    0
774    0
775    0
776    0
777    0
778    0
779    0
780    0
781    0
782    0
783    0
784    0
785    0
786    0
787    0
788    0
789    0
790    0
791    0
792    0
793    0
794    0
795    0
796    0
797    0
798    0
799    0
800    0
801    0
802    0
803    0
804    0
805    0
806    0
807    0
808    0
809    0
810    0
811    0
812    0
813    0
814    0
815    0
816    0
817    0
818    0
819    0
820    0
821    0
822    0
823    0
824    0
825    0
826    0
827    0
828    0
829    1
830    1
831    1
832    1
833    1
834    1
835    1
836    1
837    1
838    1
839    1
840    1
841    1
842    1
843    1
844    1
845    1
846    1
847    1
848    1
849    1
850    1
851    1
852    1
853    1
854    1
855    1
856    1
857    1
858    1
859    1
860    1
861    1
862    1
863    1
864    1
865    0
866    0
867    0
868    0
869    0
870    0
871    0
872    0
873    0
874    0
875    0
876    0
877    0
878    0
879    0
880    0
881    0
882    0
883    0
884    0
885    0
886    0
887    0
888    0
889    0
890    0
891    0
892    0
893    0
894    0
895    0
896    0
897    0
898    0
899    0
900    0
901    0
902    0
903    0
904    0
905    0
906    0
907    0
908    0
909    0
910    0
911    0
912    0
913    0
914    0
915    0
916    0
917    0
918    0
919    1
920    1
921    1
922    1
923    1
924    1
925    1
926    1
927    1
928    1
929    1
930    1
931    1
932    1
933    1
934    1
935    1
936    1
937    0
938    0
939    0
940    0
941    0
942    0
943    0
944    0
945    0
946    0
947    0
948    0
949    0
950    0
951    0
952    0
953    0
954    0
955    0
956    0
957    0
958    0
959    0
960    0
961    0
962    0
963    0
964    0
965    0
966    0
967    0
968    0
969    0
970    0
971    0
972    0
973    0
974    0
975    0
976    0
977    0
978    0
979    0
980    0
981    0
982    0
983    0
984    0
985    0
986    0
987    0
988    0
989    0
990    0
991    0
992    0
993    0
994    0
995    0
996    0
997    0
998    0
999    0
1000    0
1001    0
1002    0
1003    0
1004    0
1005    0
1006    0
1007    0
1008    0
1009    0
1010    0
1011    0
1012    0
1013    0
1014    0
1015    0
1016    0
1017    0
1018    0
1019    0
1020    0
1021    0
1022    0
1023    0
1024    0
1025    0
1026    0
1027    0
1028    0
1029    0
1030    0
1031    0
1032    0
1033    0
1034    0
1035    0
1036    0
1037    0
1038    0
1039    0
1040    0
1041    0
1042    0
1043    0
1044    0
1045    0
1046    0
1047    0
1048    0
1049    0
1050    0
1051    0
1052    0
1053    0
1054    0
1055    0
1056    0
1057    0
1058    0
1059    0
1060    0
1061    0
1062    0
1063    1
1064    1
1065    1
1066    1
1067    1
1068    1
1069    1
1070    1
1071    1
1072    1
1073    1
1074    1
1075    1
1076    1
1077    1
1078    1
1079    1
1080    1
1081    1
1082    1
1083    1
1084    1
1085    1
1086    1
1087    1
1088    1
1089    1
1090    1
1091    1
1092    1
1093    1
1094    1
1095    1
1096    1
1097    1
1098    1
1099    1
1100    1
1101    1
1102    1
1103    1
1104    1
1105    2
1106    2
1107    2
1108    2
1109    2
1110    2
1111    2
1112    2
1113    2
1114    2
1115    2
1116    2
1117    3
1118    3
1119    3
1120    3
1121    3
1122    3
1123    3
1124    3
1125    3
1126    3
1127    3
1128    3
1129    3
1130    3
1131    3
1132    3
1133    3
1134    3
1135    4
1136    4
1137    4
1138    4
1139    4
1140    4
1141    4
1142    4
1143    4
1144    4
1145    4
1146    4
1147    4
1148    4
1149    4
1150    4
1151    4
1152    4
1153    4
1154    4
1155    4
1156    4
1157    4
1158    4
1159    4
1160    4
1161    4
1162    4
1163    4
1164    4
1165    4
1166    4
1167    4
1168    4
1169    4
1170    4
1171    4
1172    4
1173    4
1174    4
1175    4
1176    4
1177    4
1178    4
1179    4
1180    4
1181    4
1182    4
1183    4
1184    4
1185    4
1186    4
1187    4
1188    4
1189    5
1190    5
1191    5
1192    5
1193    5
1194    5
1195    5
1196    5
1197    5
1198    5
1199    5
1200    5
1201    5
1202    5
1203    5
1204    5
1205    5
1206    5
1207    5
1208    5
1209    5
1210    5
1211    5
1212    5
1213    6
1214    6
1215    6
1216    6
1217    6
1218    6
1219    6
1220    6
1221    6
1222    6
1223    6
1224    6
1225    6
1226    6
1227    6
1228    6
1229    6
1230    6
1231    6
1232    6
1233    6
1234    6
1235    6
1236    6
1237    9
1238    9
1239    9
1240    9
1241    9
1242    9
1243    8
1244    8
1245    8
1246    8
1247    8
1248    8
1249    8
1250    8
1251    8
1252    8
1253    8
1254    8
1255    8
1256    8
1257    8
1258    8
1259    8
1260    8
1261    7
1262    7
1263    7
1264    7
1265    7
1266    7
1267    7
1268    7
1269    7
1270    7
1271    7
1272    7
1273    7
1274    7
1275    7
1276    7
1277    7
1278    7
1279    7
1280    7
1281    7
1282    7
1283    7
1284    7
1285    9
1286    9
1287    9
1288    9
1289    9
1290    9
1291    9
1292    9
1293    9
1294    9
1295    9
1296    9
1297    8
1298    8
1299    8
1300    8
1301    8
1302    8
1303    8
1304    8
1305    8
1306    8
1307    8
1308    8
1309    9
1310    9
1311    9
1312    9
1313    9
1314    9
1315    12
1316    12
1317    12
1318    12
1319    12
1320    12
1321    15
1322    15
1323    15
1324    15
1325    15
1326    15
1327    15
1328    15
1329    15
1330    15
1331    15
1332    15
1333    18
1334    18
1335    18
1336    18
1337    18
1338    18
1339    18
1340    18
1341    18
1342    18
1343    18
1344    18
1345    19
1346    19
1347    19
1348    19
1349    19
1350    19
1351    13
1352    13
1353    13
1354    13
1355    13
1356    13
1357    16
1358    16
1359    16
1360    16
1361    16
1362    16
1363    16
1364    16
1365    16
1366    16
1367    16
1368    16
1369    19
1370    19
1371    19
1372    19
1373    19
1374    19
1375    19
1376    19
1377    19
1378    19
1379    19
1380    19
1381    31
1382    31
1383    31
1384    31
1385    31
1386    31
1387    32
1388    32
1389    32
1390    32
1391    32
1392    32
1393    36
1394    36
1395    36
1396    36
1397    36
1398    36
1399    36
1400    36
1401    36
1402    36
1403    36
1404    36
1405    33
1406    33
1407    33
1408    33
1409    33
1410    33
1411    33
1412    33
1413    33
1414    33
1415    33
1416    33
1417    39
1418    39
1419    39
1420    39
1421    39
1422    39
1423    26
1424    26
1425    26
1426    26
1427    26
1428    26
1429    33
1430    33
1431    33
1432    33
1433    33
1434    33
1435    33
1436    33
1437    33
1438    33
1439    33
1440    33
1441    34
1442    34
1443    34
1444    34
1445    34
1446    34
1447    34
1448    34
1449    34
1450    34
1451    34
1452    34
1453    35
1454    35
1455    35
1456    35
1457    35
1458    35
1459    31
1460    31
1461    31
1462    31
1463    31
1464    31
1465    39
1466    39
1467    39
1468    39
1469    39
1470    39
1471    39
1472    39
1473    39
1474    39
1475    39
1476    39
1477    42
1478    42
1479    42
1480    42
1481    42
1482    42
1483    42
1484    42
1485    42
1486    42
1487    42
1488    42
1489    59
1490    59
1491    59
1492    59
1493    59
1494    59
1495    53
1496    53
1497    53
1498    53
1499    53
1500    53
1501    72
1502    72
1503    72
1504    72
1505    72
1506    72
1507    72
1508    72
1509    72
1510    72
1511    72
1512    72
1513    87
1514    87
1515    87
1516    87
1517    87
1518    87
1519    87
1520    87
1521    87
1522    87
1523    87
1524    87
1525    96
1526    96
1527    96
1528    96
1529    96
1530    96
1531    93
1532    93
1533    93
1534    93
1535    93
1536    93
1537    111
1538    111
1539    111
1540    111
1541    111
1542    111
1543    111
1544    111
1545    111
1546    111
1547    111
1548    111
1549    137
1550    137
1551    137
1552    137
1553    137
1554    137
1555    137
1556    137
1557    137
1558    137
1559    137
1560    137
1561    154
1562    154
1563    154
1564    154
1565    154
1566    154
1567    164
1568    164
1569    164
1570    164
1571    164
1572    164
1573    198
1574    198
1575    198
1576    198
1577    198
1578    198
1579    198
1580    198
1581    198
1582    198
1583    198
1584    198
1585    228
1586    228
1587    228
1588    228
1589    228
1590    228
1591    228
1592    228
1593    228
1594    228
1595    228
1596    228
1597    263
1598    263
1599    263
1600    263
1601    263
1602    263
1603    292
1604    292
1605    292
1606    292
1607    292
1608    292
1609    312
1610    312
1611    312
1612    312
1613    312
1614    312
1615    312
1616    312
1617    312
1618    312
1619    312
1620    312
1621    350
1622    350
1623    350
1624    350
1625    350
1626    350
1627    350
1628    350
1629    350
1630    350
1631    350
1632    350
1633    372
1634    372
1635    372
1636    372
1637    372
1638    372
1639    419
1640    419
1641    419
1642    419
1643    419
1644    419
1645    437
1646    437
1647    437
1648    437
1649    437
1650    437
1651    437
1652    437
1653    437
1654    437
1655    437
1656    437
1657    514
1658    514
1659    514
1660    514
1661    514
1662    514
1663    514
1664    514
1665    514
1666    514
1667    514
1668    514
1669    510
1670    510
1671    510
1672    510
1673    510
1674    510
1675    611
1676    611
1677    611
1678    611
1679    611
1680    611
1681    591
1682    591
1683    591
1684    591
1685    591
1686    591
1687    591
1688    591
1689    591
1690    591
1691    591
1692    591
1693    646
1694    646
1695    646
1696    646
1697    646
1698    646
1699    646
1700    646
1701    646
1702    646
1703    646
1704    646
1705    618
1706    618
1707    618
1708    618
1709    618
1710    618
1711    808
1712    808
1713    808
1714    808
1715    808
1716    808
1717    738
1718    738
1719    738
1720    738
1721    738
1722    738
1723    738
1724    738
1725    738
1726    738
1727    738
1728    738
1729    844
1730    844
1731    844
1732    844
1733    844
1734    844
1735    844
1736    844
1737    844
1738    844
1739    844
1740    844
1741    733
1742    733
1743    733
1744    733
1745    733
1746    733
1747    990
1748    990
1749    990
1750    990
1751    990
1752    990
1753    835
1754    835
1755    835
1756    835
1757    835
1758    835
1759    835
1760    835
1761    835
1762    835
1763    835
1764    835
1765    935
1766    935
1767    935
1768    935
1769    935
1770    935
1771    935
1772    935
1773    935
1774    935
1775    935
1776    935
1777    761
1778    761
1779    761
1780    761
1781    761
1782    761
1783    1109
1784    1109
1785    1109
1786    1109
1787    1109
1788    1109
1789    883
1790    883
1791    883
1792    883
1793    883
1794    883
1795    883
1796    883
1797    883
1798    883
1799    883
1800    883
1801    983
1802    983
1803    983
1804    983
1805    983
1806    983
1807    983
1808    983
1809    983
1810    983
1811    983
1812    983
1813    757
1814    757
1815    757
1816    757
1817    757
1818    757
1819    1151
1820    1151
1821    1151
1822    1151
1823    1151
1824    1151
1825    907
1826    907
1827    907
1828    907
1829    907
1830    907
1831    907
1832    907
1833    907
1834    907
1835    907
1836    907
1837    1043
1838    1043
1839    1043
1840    1043
1841    1043
1842    1043
1843    1043
1844    1043
1845    1043
1846    1043
1847    1043
1848    1043
1849    837
1850    837
1851    837
1852    837
1853    837
1854    837
1855    1332
1856    1332
1857    1332
1858    1332
1859    1332
1860    1332
1861    1027
1862    1027
1863    1027
1864    1027
1865    1027
1866    1027
1867    1027
1868    1027
1869    1027
1870    1027
1871    1027
1872    1027
1873    1165
1874    1165
1875    1165
1876    1165
1877    1165
1878    1165
1879    1165
1880    1165
1881    1165
1882    1165
1883    1165
1884    1165
1885    895
1886    895
1887    895
1888    895
1889    895
1890    895
1891    1399
1892    1399
1893    1399
1894    1399
1895    1399
1896    1399
1897    1080
1898    1080
1899    1080
1900    1080
1901    1080
1902    1080
1903    1080
1904    1080
1905    1080
1906    1080
1907    1080
1908    1080
1909    1229
1910    1229
1911    1229
1912    1229
1913    1229
1914    1229
1915    1229
1916    1229
1917    1229
1918    1229
1919    1229
1920    1229
1921    946
1922    946
1923    946
1924    946
1925    946
1926    946
1927    1508
1928    1508
1929    1508
1930    1508
1931    1508
1932    1508
1933    1139
1934    1139
1935    1139
1936    1139
1937    1139
1938    1139
1939    1139
1940    1139
1941    1139
1942    1139
1943    1139
1944    1139
1945    1252
1946    1252
1947    1252
1948    1252
1949    1252
1950    1252
1951    1252
1952    1252
1953    1252
1954    1252
1955    1252
1956    1252
1957    967
1958    967
1959    967
1960    967
1961    967
1962    967
1963    1506
1964    1506
1965    1506
1966    1506
1967    1506
1968    1506
1969    1094
1970    1094
1971    1094
1972    1094
1973    1094
1974    1094
1975    1094
1976    1094
1977    1094
1978    1094
1979    1094
1980    1094
1981    1233
1982    1233
1983    1233
1984    1233
1985    1233
1986    1233
1987    1233
1988    1233
1989    1233
1990    1233
1991    1233
1992    1233
1993    938
1994    938
1995    938
1996    938
1997    938
1998    938
1999    1480
2000    1480
2001    1480
2002    1480
2003    1480
2004    1480
2005    1101
2006    1101
2007    1101
2008    1101
2009    1101
2010    1101
2011    1101
2012    1101
2013    1101
2014    1101
2015    1101
2016    1101
2017    1207
2018    1207
2019    1207
2020    1207
2021    1207
2022    1207
2023    1207
2024    1207
2025    1207
2026    1207
2027    1207
2028    1207
2029    905
2030    905
2031    905
2032    905
2033    905
2034    905
2035    1423
2036    1423
2037    1423
2038    1423
2039    1423
2040    1423
2041    1032
2042    1032
2043    1032
2044    1032
2045    1032
2046    1032
2047    1032
2048    1032
2049    1032
2050    1032
2051    1032
2052    1032
2053    1240
2054    1240
2055    1240
2056    1240
2057    1240
2058    1240
2059    1240
2060    1240
2061    1240
2062    1240
2063    1240
2064    1240
2065    917
2066    917
2067    917
2068    917
2069    917
2070    917
2071    1456
2072    1456
2073    1456
2074    1456
2075    1456
2076    1456
2077    1081
2078    1081
2079    1081
2080    1081
2081    1081
2082    1081
2083    1081
2084    1081
2085    1081
2086    1081
2087    1081
2088    1081
2089    1232
2090    1232
2091    1232
2092    1232
2093    1232
2094    1232
2095    1232
2096    1232
2097    1232
2098    1232
2099    1232
2100    1232
2101    919
2102    919
2103    919
2104    919
2105    919
2106    919
2107    1445
2108    1445
2109    1445
2110    1445
2111    1445
2112    1445
2113    1082
2114    1082
2115    1082
2116    1082
2117    1082
2118    1082
2119    1082
2120    1082
2121    1082
2122    1082
2123    1082
2124    1082
2125    1239
2126    1239
2127    1239
2128    1239
2129    1239
2130    1239
2131    1239
2132    1239
2133    1239
2134    1239
2135    1239
2136    1239
2137    937
2138    937
2139    937
2140    937
2141    937
2142    937
2143    1486
2144    1486
2145    1486
2146    1486
2147    1486
2148    1486
2149    1117
2150    1117
2151    1117
2152    1117
2153    1117
2154    1117
2155    1117
2156    1117
2157    1117
2158    1117
2159    1117
2160    1117
2161    1277
2162    1277
2163    1277
2164    1277
2165    1277
2166    1277
2167    1277
2168    1277
2169    1277
2170    1277
2171    1277
2172    1277
2173    984
2174    984
2175    984
2176    984
2177    984
2178    984
2179    1577
2180    1577
2181    1577
2182    1577
2183    1577
2184    1577
2185    1122
2186    1122
2187    1122
2188    1122
2189    1122
2190    1122
2191    1122
2192    1122
2193    1122
2194    1122
2195    1122
2196    1122
2197    1223
2198    1223
2199    1223
2200    1223
2201    1223
2202    1223
2203    1223
2204    1223
2205    1223
2206    1223
2207    1223
2208    1223
2209    935
2210    935
2211    935
2212    935
2213    935
2214    935
2215    1495
2216    1495
2217    1495
2218    1495
2219    1495
2220    1495
2221    1123
2222    1123
2223    1123
2224    1123
2225    1123
2226    1123
2227    1123
2228    1123
2229    1123
2230    1123
2231    1123
2232    1123
2233    1254
2234    1254
2235    1254
2236    1254
2237    1254
2238    1254
2239    1254
2240    1254
2241    1254
2242    1254
2243    1254
2244    1254
2245    930
2246    930
2247    930
2248    930
2249    930
2250    930
2251    1496
2252    1496
2253    1496
2254    1496
2255    1496
2256    1496
2257    1121
2258    1121
2259    1121
2260    1121
2261    1121
2262    1121
2263    1121
2264    1121
2265    1121
2266    1121
2267    1121
2268    1121
2269    1274
2270    1274
2271    1274
2272    1274
2273    1274
2274    1274
2275    1274
2276    1274
2277    1274
2278    1274
2279    1274
2280    1274
2281    950
2282    950
2283    950
2284    950
2285    950
2286    950
2287    1503
2288    1503
2289    1503
2290    1503
2291    1503
2292    1503
2293    1050
2294    1050
2295    1050
2296    1050
2297    1050
2298    1050
2299    1050
2300    1050
2301    1050
2302    1050
2303    1050
2304    1050
2305    1189
2306    1189
2307    1189
2308    1189
2309    1189
2310    1189
2311    1189
2312    1189
2313    1189
2314    1189
2315    1189
2316    1189
2317    889
2318    889
2319    889
2320    889
2321    889
2322    889
2323    1402
2324    1402
2325    1402
2326    1402
2327    1402
2328    1402
2329    1037
2330    1037
2331    1037
2332    1037
2333    1037
2334    1037
2335    1037
2336    1037
2337    1037
2338    1037
2339    1037
2340    1037
2341    1174
2342    1174
2343    1174
2344    1174
2345    1174
2346    1174
2347    1174
2348    1174
2349    1174
2350    1174
2351    1174
2352    1174
2353    900
2354    900
2355    900
2356    900
2357    900
2358    900
2359    1464
2360    1464
2361    1464
2362    1464
2363    1464
2364    1464
2365    1073
2366    1073
2367    1073
2368    1073
2369    1073
2370    1073
2371    1073
2372    1073
2373    1073
2374    1073
2375    1073
2376    1073
2377    1243
2378    1243
2379    1243
2380    1243
2381    1243
2382    1243
2383    1243
2384    1243
2385    1243
2386    1243
2387    1243
2388    1243
2389    962
2390    962
2391    962
2392    962
2393    962
2394    962
2395    1560
2396    1560
2397    1560
2398    1560
2399    1560
2400    1560
2401    1142
2402    1142
2403    1142
2404    1142
2405    1142
2406    1142
2407    1142
2408    1142
2409    1142
2410    1142
2411    1142
2412    1142
2413    1210
2414    1210
2415    1210
2416    1210
2417    1210
2418    1210
2419    1210
2420    1210
2421    1210
2422    1210
2423    1210
2424    1210
2425    882
2426    882
2427    882
2428    882
2429    882
2430    882
2431    1421
2432    1421
2433    1421
2434    1421
2435    1421
2436    1421
2437    1065
2438    1065
2439    1065
2440    1065
2441    1065
2442    1065
2443    1065
2444    1065
2445    1065
2446    1065
2447    1065
2448    1065
2449    1225
2450    1225
2451    1225
2452    1225
2453    1225
2454    1225
2455    1225
2456    1225
2457    1225
2458    1225
2459    1225
2460    1225
2461    951
2462    951
2463    951
2464    951
2465    951
2466    951
2467    1531
2468    1531
2469    1531
2470    1531
2471    1531
2472    1531
2473    1132
2474    1132
2475    1132
2476    1132
2477    1132
2478    1132
2479    1132
2480    1132
2481    1132
2482    1132
2483    1132
2484    1132
2485    1275
2486    1275
2487    1275
2488    1275
2489    1275
2490    1275
2491    1275
2492    1275
2493    1275
2494    1275
2495    1275
2496    1275
2497    976
2498    976
2499    976
2500    976
2501    976
2502    976
2503    1527
2504    1527
2505    1527
2506    1527
2507    1527
2508    1527
2509    1132
2510    1132
2511    1132
2512    1132
2513    1132
2514    1132
2515    1132
2516    1132
2517    1132
2518    1132
2519    1132
2520    1132
2521    1215
2522    1215
2523    1215
2524    1215
2525    1215
2526    1215
2527    1215
2528    1215
2529    1215
2530    1215
2531    1215
2532    1215
2533    908
2534    908
2535    908
2536    908
2537    908
2538    908
2539    1452
2540    1452
2541    1452
2542    1452
2543    1452
2544    1452
2545    1022
2546    1022
2547    1022
2548    1022
2549    1022
2550    1022
2551    1022
2552    1022
2553    1022
2554    1022
2555    1022
2556    1022
2557    1141
2558    1141
2559    1141
2560    1141
2561    1141
2562    1141
2563    1141
2564    1141
2565    1141
2566    1141
2567    1141
2568    1141
2569    869
2570    869
2571    869
2572    869
2573    869
2574    869
2575    1416
2576    1416
2577    1416
2578    1416
2579    1416
2580    1416
2581    1049
2582    1049
2583    1049
2584    1049
2585    1049
2586    1049
2587    1049
2588    1049
2589    1049
2590    1049
2591    1049
2592    1049
2593    1196
2594    1196
2595    1196
2596    1196
2597    1196
2598    1196
2599    1196
2600    1196
2601    1196
2602    1196
2603    1196
2604    1196
2605    880
2606    880
2607    880
2608    880
2609    880
2610    880
2611    1419
2612    1419
2613    1419
2614    1419
2615    1419
2616    1419
2617    1034
2618    1034
2619    1034
2620    1034
2621    1034
2622    1034
2623    1034
2624    1034
2625    1034
2626    1034
2627    1034
2628    1034
2629    1145
2630    1145
2631    1145
2632    1145
2633    1145
2634    1145
2635    1145
2636    1145
2637    1145
2638    1145
2639    1145
2640    1145
2641    839
2642    839
2643    839
2644    839
2645    839
2646    839
2647    1367
2648    1367
2649    1367
2650    1367
2651    1367
2652    1367
2653    1003
2654    1003
2655    1003
2656    1003
2657    1003
2658    1003
2659    1003
2660    1003
2661    1003
2662    1003
2663    1003
2664    1003
2665    1146
2666    1146
2667    1146
2668    1146
2669    1146
2670    1146
2671    1146
2672    1146
2673    1146
2674    1146
2675    1146
2676    1146
2677    875
2678    875
2679    875
2680    875
2681    875
2682    875
2683    1388
2684    1388
2685    1388
2686    1388
2687    1388
2688    1388
2689    1041
2690    1041
2691    1041
2692    1041
2693    1041
2694    1041
2695    1041
2696    1041
2697    1041
2698    1041
2699    1041
2700    1041
2701    1136
2702    1136
2703    1136
2704    1136
2705    1136
2706    1136
2707    1136
2708    1136
2709    1136
2710    1136
2711    1136
2712    1136
2713    868
2714    868
2715    868
2716    868
2717    868
2718    868
2719    1391
2720    1391
2721    1391
2722    1391
2723    1391
2724    1391
2725    1051
2726    1051
2727    1051
2728    1051
2729    1051
2730    1051
2731    1051
2732    1051
2733    1051
2734    1051
2735    1051
2736    1051
2737    1170
2738    1170
2739    1170
2740    1170
2741    1170
2742    1170
2743    1170
2744    1170
2745    1170
2746    1170
2747    1170
2748    1170
2749    899
2750    899
2751    899
2752    899
2753    899
2754    899
2755    1437
2756    1437
2757    1437
2758    1437
2759    1437
2760    1437
2761    1053
2762    1053
2763    1053
2764    1053
2765    1053
2766    1053
2767    1053
2768    1053
2769    1053
2770    1053
2771    1053
2772    1053
2773    1174
2774    1174
2775    1174
2776    1174
2777    1174
2778    1174
2779    1174
2780    1174
2781    1174
2782    1174
2783    1174
2784    1174
2785    862
2786    862
2787    862
2788    862
2789    862
2790    862
2791    1370
2792    1370
2793    1370
2794    1370
2795    1370
2796    1370
2797    998
2798    998
2799    998
2800    998
2801    998
2802    998
2803    998
2804    998
2805    998
2806    998
2807    998
2808    998
2809    1224
2810    1224
2811    1224
2812    1224
2813    1224
2814    1224
2815    1224
2816    1224
2817    1224
2818    1224
2819    1224
2820    1224
2821    934
2822    934
2823    934
2824    934
2825    934
2826    934
2827    1502
2828    1502
2829    1502
2830    1502
2831    1502
2832    1502
2833    1134
2834    1134
2835    1134
2836    1134
2837    1134
2838    1134
2839    1134
2840    1134
2841    1134
2842    1134
2843    1134
2844    1134
2845    1274
2846    1274
2847    1274
2848    1274
2849    1274
2850    1274
2851    1274
2852    1274
2853    1274
2854    1274
2855    1274
2856    1274
2857    933
2858    933
2859    933
2860    933
2861    933
2862    933
2863    1436
2864    1436
2865    1436
2866    1436
2867    1436
2868    1436
2869    1054
2870    1054
2871    1054
2872    1054
2873    1054
2874    1054
2875    1054
2876    1054
2877    1054
2878    1054
2879    1054
2880    1054
2881    1204
2882    1204
2883    1204
2884    1204
2885    1204
2886    1204
2887    1204
2888    1204
2889    1204
2890    1204
2891    1204
2892    1204
2893    933
2894    933
2895    933
2896    933
2897    933
2898    933
2899    1484
2900    1484
2901    1484
2902    1484
2903    1484
2904    1484
2905    1061
2906    1061
2907    1061
2908    1061
2909    1061
2910    1061
2911    1061
2912    1061
2913    1061
2914    1061
2915    1061
2916    1061
2917    1237
2918    1237
2919    1237
2920    1237
2921    1237
2922    1237
2923    1237
2924    1237
2925    1237
2926    1237
2927    1237
2928    1237
2929    908
2930    908
2931    908
2932    908
2933    908
2934    908
2935    1437
2936    1437
2937    1437
2938    1437
2939    1437
2940    1437
2941    1008
2942    1008
2943    1008
2944    1008
2945    1008
2946    1008
2947    1008
2948    1008
2949    1008
2950    1008
2951    1008
2952    1008
2953    1152
2954    1152
2955    1152
2956    1152
2957    1152
2958    1152
2959    1152
2960    1152
2961    1152
2962    1152
2963    1152
2964    1152
2965    878
2966    878
2967    878
2968    878
2969    878
2970    878
2971    1417
2972    1417
2973    1417
2974    1417
2975    1417
2976    1417
2977    1053
2978    1053
2979    1053
2980    1053
2981    1053
2982    1053
2983    1053
2984    1053
2985    1053
2986    1053
2987    1053
2988    1053
2989    1222
2990    1222
2991    1222
2992    1222
2993    1222
2994    1222
2995    1222
2996    1222
2997    1222
2998    1222
2999    1222
3000    1222
3001    904
3002    904
3003    904
3004    904
3005    904
3006    904
3007    1451
3008    1451
3009    1451
3010    1451
3011    1451
3012    1451
3013    1085
3014    1085
3015    1085
3016    1085
3017    1085
3018    1085
3019    1085
3020    1085
3021    1085
3022    1085
3023    1085
3024    1085
3025    1223
3026    1223
3027    1223
3028    1223
3029    1223
3030    1223
3031    1223
3032    1223
3033    1223
3034    1223
3035    1223
3036    1223
3037    917
3038    917
3039    917
3040    917
3041    917
3042    917
3043    1487
3044    1487
3045    1487
3046    1487
3047    1487
3048    1487
3049    1098
3050    1098
3051    1098
3052    1098
3053    1098
3054    1098
3055    1098
3056    1098
3057    1098
3058    1098
3059    1098
3060    1098
3061    1231
3062    1231
3063    1231
3064    1231
3065    1231
3066    1231
3067    1231
3068    1231
3069    1231
3070    1231
3071    1231
3072    1231
3073    927
3074    927
3075    927
3076    927
3077    927
3078    927
3079    1480
3080    1480
3081    1480
3082    1480
3083    1480
3084    1480
3085    1112
3086    1112
3087    1112
3088    1112
3089    1112
3090    1112
3091    1112
3092    1112
3093    1112
3094    1112
3095    1112
3096    1112
3097    1269
3098    1269
3099    1269
3100    1269
3101    1269
3102    1269
3103    1269
3104    1269
3105    1269
3106    1269
3107    1269
3108    1269
3109    923
3110    923
3111    923
3112    923
3113    923
3114    923
3115    1464
3116    1464
3117    1464
3118    1464
3119    1464
3120    1464
3121    1058
3122    1058
3123    1058
3124    1058
3125    1058
3126    1058
3127    1058
3128    1058
3129    1058
3130    1058
3131    1058
3132    1058
3133    1194
3134    1194
3135    1194
3136    1194
3137    1194
3138    1194
3139    1194
3140    1194
3141    1194
3142    1194
3143    1194
3144    1194
3145    887
3146    887
3147    887
3148    887
3149    887
3150    887
3151    1448
3152    1448
3153    1448
3154    1448
3155    1448
3156    1448
3157    1076
3158    1076
3159    1076
3160    1076
3161    1076
3162    1076
3163    1076
3164    1076
3165    1076
3166    1076
3167    1076
3168    1076
3169    1198
3170    1198
3171    1198
3172    1198
3173    1198
3174    1198
3175    1198
3176    1198
3177    1198
3178    1198
3179    1198
3180    1198
3181    904
3182    904
3183    904
3184    904
3185    904
3186    904
3187    1450
3188    1450
3189    1450
3190    1450
3191    1450
3192    1450
3193    1032
3194    1032
3195    1032
3196    1032
3197    1032
3198    1032
3199    1032
3200    1032
3201    1032
3202    1032
3203    1032
3204    1032
3205    1205
3206    1205
3207    1205
3208    1205
3209    1205
3210    1205
3211    1205
3212    1205
3213    1205
3214    1205
3215    1205
3216    1205
3217    924
3218    924
3219    924
3220    924
3221    924
3222    924
3223    1448
3224    1448
3225    1448
3226    1448
3227    1448
3228    1448
3229    1069
3230    1069
3231    1069
3232    1069
3233    1069
3234    1069
3235    1069
3236    1069
3237    1069
3238    1069
3239    1069
3240    1069
3241    1173
3242    1173
3243    1173
3244    1173
3245    1173
3246    1173
3247    1173
3248    1173
3249    1173
3250    1173
3251    1173
3252    1173
3253    886
3254    886
3255    886
3256    886
3257    886
3258    886
3259    1424
3260    1424
3261    1424
3262    1424
3263    1424
3264    1424
3265    1064
3266    1064
3267    1064
3268    1064
3269    1064
3270    1064
3271    1064
3272    1064
3273    1064
3274    1064
3275    1064
3276    1064
3277    1214
3278    1214
3279    1214
3280    1214
3281    1214
3282    1214
3283    1214
3284    1214
3285    1214
3286    1214
3287    1214
3288    1214
3289    865
3290    865
3291    865
3292    865
3293    865
3294    865
3295    1397
3296    1397
3297    1397
3298    1397
3299    1397
3300    1397
3301    1070
3302    1070
3303    1070
3304    1070
3305    1070
3306    1070
3307    1070
3308    1070
3309    1070
3310    1070
3311    1070
3312    1070
3313    1185
3314    1185
3315    1185
3316    1185
3317    1185
3318    1185
3319    1185
3320    1185
3321    1185
3322    1185
3323    1185
3324    1185
3325    918
3326    918
3327    918
3328    918
3329    918
3330    918
3331    1464
3332    1464
3333    1464
3334    1464
3335    1464
3336    1464
3337    1060
3338    1060
3339    1060
3340    1060
3341    1060
3342    1060
3343    1060
3344    1060
3345    1060
3346    1060
3347    1060
3348    1060
3349    1205
3350    1205
3351    1205
3352    1205
3353    1205
3354    1205
3355    1205
3356    1205
3357    1205
3358    1205
3359    1205
3360    1205
3361    908
3362    908
3363    908
3364    908
3365    908
3366    908
3367    1449
3368    1449
3369    1449
3370    1449
3371    1449
3372    1449
3373    1088
3374    1088
3375    1088
3376    1088
3377    1088
3378    1088
3379    1088
3380    1088
3381    1088
3382    1088
3383    1088
3384    1088
3385    1205
3386    1205
3387    1205
3388    1205
3389    1205
3390    1205
3391    1205
3392    1205
3393    1205
3394    1205
3395    1205
3396    1205
3397    915
3398    915
3399    915
3400    915
3401    915
3402    915
3403    1455
3404    1455
3405    1455
3406    1455
3407    1455
3408    1455
3409    1058
3410    1058
3411    1058
3412    1058
3413    1058
3414    1058
3415    1058
3416    1058
3417    1058
3418    1058
3419    1058
3420    1058
3421    1211
3422    1211
3423    1211
3424    1211
3425    1211
3426    1211
3427    1211
3428    1211
3429    1211
3430    1211
3431    1211
3432    1211
3433    889
3434    889
3435    889
3436    889
3437    889
3438    889
3439    1424
3440    1424
3441    1424
3442    1424
3443    1424
3444    1424
3445    1040
3446    1040
3447    1040
3448    1040
3449    1040
3450    1040
3451    1040
3452    1040
3453    1040
3454    1040
3455    1040
3456    1040
3457    1179
3458    1179
3459    1179
3460    1179
3461    1179
3462    1179
3463    1179
3464    1179
3465    1179
3466    1179
3467    1179
3468    1179
3469    927
3470    927
3471    927
3472    927
3473    927
3474    927
3475    1483
3476    1483
3477    1483
3478    1483
3479    1483
3480    1483
3481    1069
3482    1069
3483    1069
3484    1069
3485    1069
3486    1069
3487    1069
3488    1069
3489    1069
3490    1069
3491    1069
3492    1069
3493    1212
3494    1212
3495    1212
3496    1212
3497    1212
3498    1212
3499    1212
3500    1212
3501    1212
3502    1212
3503    1212
3504    1212
3505    891
3506    891
3507    891
3508    891
3509    891
3510    891
3511    1436
3512    1436
3513    1436
3514    1436
3515    1436
3516    1436
3517    1088
3518    1088
3519    1088
3520    1088
3521    1088
3522    1088
3523    1088
3524    1088
3525    1088
3526    1088
3527    1088
3528    1088
3529    1235
3530    1235
3531    1235
3532    1235
3533    1235
3534    1235
3535    1235
3536    1235
3537    1235
3538    1235
3539    1235
3540    1235
3541    946
3542    946
3543    946
3544    946
3545    946
3546    946
3547    1461
3548    1461
3549    1461
3550    1461
3551    1461
3552    1461
3553    1067
3554    1067
3555    1067
3556    1067
3557    1067
3558    1067
3559    1067
3560    1067
3561    1067
3562    1067
3563    1067
3564    1067
3565    1237
3566    1237
3567    1237
3568    1237
3569    1237
3570    1237
3571    1237
3572    1237
3573    1237
3574    1237
3575    1237
3576    1237
3577    931
3578    931
3579    931
3580    931
3581    931
3582    931
3583    1484
3584    1484
3585    1484
3586    1484
3587    1484
3588    1484
3589    1107
3590    1107
3591    1107
3592    1107
3593    1107
3594    1107
3595    1107
3596    1107
3597    1107
3598    1107
3599    1107
3600    1107
3601    1233
3602    1233
3603    1233
3604    1233
3605    1233
3606    1233
3607    1233
3608    1233
3609    1233
3610    1233
3611    1233
3612    1233
3613    870
3614    870
3615    870
3616    870
3617    870
3618    870
3619    1416
3620    1416
3621    1416
3622    1416
3623    1416
3624    1416
3625    1054
3626    1054
3627    1054
3628    1054
3629    1054
3630    1054
3631    1054
3632    1054
3633    1054
3634    1054
3635    1054
3636    1054
3637    1193
3638    1193
3639    1193
3640    1193
3641    1193
3642    1193
3643    1193
3644    1193
3645    1193
3646    1193
3647    1193
3648    1193
3649    910
3650    910
3651    910
3652    910
3653    910
3654    910
3655    1452
3656    1452
3657    1452
3658    1452
3659    1452
3660    1452
3661    1096
3662    1096
3663    1096
3664    1096
3665    1096
3666    1096
3667    1096
3668    1096
3669    1096
3670    1096
3671    1096
3672    1096
3673    1250
3674    1250
3675    1250
3676    1250
3677    1250
3678    1250
3679    1250
3680    1250
3681    1250
3682    1250
3683    1250
3684    1250
3685    959
3686    959
3687    959
3688    959
3689    959
3690    959
3691    1527
3692    1527
3693    1527
3694    1527
3695    1527
3696    1527
3697    1093
3698    1093
3699    1093
3700    1093
3701    1093
3702    1093
3703    1093
3704    1093
3705    1093
3706    1093
3707    1093
3708    1093
3709    1239
3710    1239
3711    1239
3712    1239
3713    1239
3714    1239
3715    1239
3716    1239
3717    1239
3718    1239
3719    1239
3720    1239
3721    888
3722    888
3723    888
3724    888
3725    888
3726    888
3727    1422
3728    1422
3729    1422
3730    1422
3731    1422
3732    1422
3733    1018
3734    1018
3735    1018
3736    1018
3737    1018
3738    1018
3739    1018
3740    1018
3741    1018
3742    1018
3743    1018
3744    1018
3745    1170
3746    1170
3747    1170
3748    1170
3749    1170
3750    1170
3751    1170
3752    1170
3753    1170
3754    1170
3755    1170
3756    1170
3757    870
3758    870
3759    870
3760    870
3761    870
3762    870
3763    1381
3764    1381
3765    1381
3766    1381
3767    1381
3768    1381
3769    1035
3770    1035
3771    1035
3772    1035
3773    1035
3774    1035
3775    1035
3776    1035
3777    1035
3778    1035
3779    1035
3780    1035
3781    1167
3782    1167
3783    1167
3784    1167
3785    1167
3786    1167
3787    1167
3788    1167
3789    1167
3790    1167
3791    1167
3792    1167
3793    851
3794    851
3795    851
3796    851
3797    851
3798    851
3799    1391
3800    1391
3801    1391
3802    1391
3803    1391
3804    1391
3805    1007
3806    1007
3807    1007
3808    1007
3809    1007
3810    1007
3811    1007
3812    1007
3813    1007
3814    1007
3815    1007
3816    1007
3817    1135
3818    1135
3819    1135
3820    1135
3821    1135
3822    1135
3823    1135
3824    1135
3825    1135
3826    1135
3827    1135
3828    1135
3829    855
3830    855
3831    855
3832    855
3833    855
3834    855
3835    1376
3836    1376
3837    1376
3838    1376
3839    1376
3840    1376
3841    1035
3842    1035
3843    1035
3844    1035
3845    1035
3846    1035
3847    1035
3848    1035
3849    1035
3850    1035
3851    1035
3852    1035
3853    1159
3854    1159
3855    1159
3856    1159
3857    1159
3858    1159
3859    1159
3860    1159
3861    1159
3862    1159
3863    1159
3864    1159
3865    902
3866    902
3867    902
3868    902
3869    902
3870    902
3871    1448
3872    1448
3873    1448
3874    1448
3875    1448
3876    1448
3877    1072
3878    1072
3879    1072
3880    1072
3881    1072
3882    1072
3883    1072
3884    1072
3885    1072
3886    1072
3887    1072
3888    1072
3889    1209
3890    1209
3891    1209
3892    1209
3893    1209
3894    1209
3895    1209
3896    1209
3897    1209
3898    1209
3899    1209
3900    1209
3901    898
3902    898
3903    898
3904    898
3905    898
3906    898
3907    1447
3908    1447
3909    1447
3910    1447
3911    1447
3912    1447
3913    1027
3914    1027
3915    1027
3916    1027
3917    1027
3918    1027
3919    1027
3920    1027
3921    1027
3922    1027
3923    1027
3924    1027
3925    1187
3926    1187
3927    1187
3928    1187
3929    1187
3930    1187
3931    1187
3932    1187
3933    1187
3934    1187
3935    1187
3936    1187
3937    885
3938    885
3939    885
3940    885
3941    885
3942    885
3943    1435
3944    1435
3945    1435
3946    1435
3947    1435
3948    1435
3949    1034
3950    1034
3951    1034
3952    1034
3953    1034
3954    1034
3955    1034
3956    1034
3957    1034
3958    1034
3959    1034
3960    1034
3961    1146
3962    1146
3963    1146
3964    1146
3965    1146
3966    1146
3967    1146
3968    1146
3969    1146
3970    1146
3971    1146
3972    1146
3973    885
3974    885
3975    885
3976    885
3977    885
3978    885
3979    1427
3980    1427
3981    1427
3982    1427
3983    1427
3984    1427
3985    1033
3986    1033
3987    1033
3988    1033
3989    1033
3990    1033
3991    1033
3992    1033
3993    1033
3994    1033
3995    1033
3996    1033
3997    1214
3998    1214
3999    1214
4000    1214
4001    1214
4002    1214
4003    1214
4004    1214
4005    1214
4006    1214
4007    1214
4008    1214
4009    924
4010    924
4011    924
4012    924
4013    924
4014    924
4015    1493
4016    1493
4017    1493
4018    1493
4019    1493
4020    1493
4021    1099
4022    1099
4023    1099
4024    1099
4025    1099
4026    1099
4027    1099
4028    1099
4029    1099
4030    1099
4031    1099
4032    1099
4033    1231
4034    1231
4035    1231
4036    1231
4037    1231
4038    1231
4039    1231
4040    1231
4041    1231
4042    1231
4043    1231
4044    1231
4045    909
4046    909
4047    909
4048    909
4049    909
4050    909
4051    1472
4052    1472
4053    1472
4054    1472
4055    1472
4056    1472
4057    1052
4058    1052
4059    1052
4060    1052
4061    1052
4062    1052
4063    1052
4064    1052
4065    1052
4066    1052
4067    1052
4068    1052
4069    1202
4070    1202
4071    1202
4072    1202
4073    1202
4074    1202
4075    1202
4076    1202
4077    1202
4078    1202
4079    1202
4080    1202
4081    877
4082    877
4083    877
4084    877
4085    877
4086    877
4087    1421
4088    1421
4089    1421
4090    1421
4091    1421
4092    1421
4093    1051
4094    1051
4095    1051
4096    1051
4097    1051
4098    1051
4099    1051
4100    1051
4101    1051
4102    1051
4103    1051
4104    1051
4105    1218
4106    1218
4107    1218
4108    1218
4109    1218
4110    1218
4111    1218
4112    1218
4113    1218
4114    1218
4115    1218
4116    1218
4117    931
4118    931
4119    931
4120    931
4121    931
4122    931
4123    1478
4124    1478
4125    1478
4126    1478
4127    1478
4128    1478
4129    1042
4130    1042
4131    1042
4132    1042
4133    1042
4134    1042
4135    1042
4136    1042
4137    1042
4138    1042
4139    1042
4140    1042
4141    1193
4142    1193
4143    1193
4144    1193
4145    1193
4146    1193
4147    1193
4148    1193
4149    1193
4150    1193
4151    1193
4152    1193
4153    881
4154    881
4155    881
4156    881
4157    881
4158    881
4159    1407
4160    1407
4161    1407
4162    1407
4163    1407
4164    1407
4165    1055
4166    1055
4167    1055
4168    1055
4169    1055
4170    1055
4171    1055
4172    1055
4173    1055
4174    1055
4175    1055
4176    1055
4177    1181
4178    1181
4179    1181
4180    1181
4181    1181
4182    1181
4183    1181
4184    1181
4185    1181
4186    1181
4187    1181
4188    1181
4189    884
4190    884
4191    884
4192    884
4193    884
4194    884
4195    1432
4196    1432
4197    1432
4198    1432
4199    1432
4200    1432
4201    1037
4202    1037
4203    1037
4204    1037
4205    1037
4206    1037
4207    1037
4208    1037
4209    1037
4210    1037
4211    1037
4212    1037
4213    1188
4214    1188
4215    1188
4216    1188
4217    1188
4218    1188
4219    1188
4220    1188
4221    1188
4222    1188
4223    1188
4224    1188
4225    868
4226    868
4227    868
4228    868
4229    868
4230    868
4231    1390
4232    1390
4233    1390
4234    1390
4235    1390
4236    1390
4237    1024
4238    1024
4239    1024
4240    1024
4241    1024
4242    1024
4243    1024
4244    1024
4245    1024
4246    1024
4247    1024
4248    1024
4249    1184
4250    1184
4251    1184
4252    1184
4253    1184
4254    1184
4255    1184
4256    1184
4257    1184
4258    1184
4259    1184
4260    1184
4261    884
4262    884
4263    884
4264    884
4265    884
4266    884
4267    1428
4268    1428
4269    1428
4270    1428
4271    1428
4272    1428
4273    1041
4274    1041
4275    1041
4276    1041
4277    1041
4278    1041
4279    1041
4280    1041
4281    1041
4282    1041
4283    1041
4284    1041
4285    1222
4286    1222
4287    1222
4288    1222
4289    1222
4290    1222
4291    1222
4292    1222
4293    1222
4294    1222
4295    1222
4296    1222
4297    921
4298    921
4299    921
4300    921
4301    921
4302    921
4303    1441
4304    1441
4305    1441
4306    1441
4307    1441
4308    1441
4309    1065
4310    1065
4311    1065
4312    1065
4313    1065
4314    1065
4315    1065
4316    1065
4317    1065
4318    1065
4319    1065
4320    1065
4321    1227
4322    1227
4323    1227
4324    1227
4325    1227
4326    1227
4327    1227
4328    1227
4329    1227
4330    1227
4331    1227
4332    1227
4333    913
4334    913
4335    913
4336    913
4337    913
4338    913
4339    1472
4340    1472
4341    1472
4342    1472
4343    1472
4344    1472
4345    1063
4346    1063
4347    1063
4348    1063
4349    1063
4350    1063
4351    1063
4352    1063
4353    1063
4354    1063
4355    1063
4356    1063
4357    1204
4358    1204
4359    1204
4360    1204
4361    1204
4362    1204
4363    1204
4364    1204
4365    1204
4366    1204
4367    1204
4368    1204
4369    924
4370    924
4371    924
4372    924
4373    924
4374    924
4375    1478
4376    1478
4377    1478
4378    1478
4379    1478
4380    1478
4381    1049
4382    1049
4383    1049
4384    1049
4385    1049
4386    1049
4387    1049
4388    1049
4389    1049
4390    1049
4391    1049
4392    1049
4393    1168
4394    1168
4395    1168
4396    1168
4397    1168
4398    1168
4399    1168
4400    1168
4401    1168
4402    1168
4403    1168
4404    1168
4405    879
4406    879
4407    879
4408    879
4409    879
4410    879
4411    1430
4412    1430
4413    1430
4414    1430
4415    1430
4416    1430
4417    1092
4418    1092
4419    1092
4420    1092
4421    1092
4422    1092
4423    1092
4424    1092
4425    1092
4426    1092
4427    1092
4428    1092
4429    1225
4430    1225
4431    1225
4432    1225
4433    1225
4434    1225
4435    1225
4436    1225
4437    1225
4438    1225
4439    1225
4440    1225
4441    949
4442    949
4443    949
4444    949
4445    949
4446    949
4447    1517
4448    1517
4449    1517
4450    1517
4451    1517
4452    1517
4453    1127
4454    1127
4455    1127
4456    1127
4457    1127
4458    1127
4459    1127
4460    1127
4461    1127
4462    1127
4463    1127
4464    1127
4465    1240
4466    1240
4467    1240
4468    1240
4469    1240
4470    1240
4471    1240
4472    1240
4473    1240
4474    1240
4475    1240
4476    1240
4477    942
4478    942
4479    942
4480    942
4481    942
4482    942
4483    1483
4484    1483
4485    1483
4486    1483
4487    1483
4488    1483
4489    1051
4490    1051
4491    1051
4492    1051
4493    1051
4494    1051
4495    1051
4496    1051
4497    1051
4498    1051
4499    1051
4500    1051
4501    1198
4502    1198
4503    1198
4504    1198
4505    1198
4506    1198
4507    1198
4508    1198
4509    1198
4510    1198
4511    1198
4512    1198
4513    889
4514    889
4515    889
4516    889
4517    889
4518    889
4519    1440
4520    1440
4521    1440
4522    1440
4523    1440
4524    1440
4525    1038
4526    1038
4527    1038
4528    1038
4529    1038
4530    1038
4531    1038
4532    1038
4533    1038
4534    1038
4535    1038
4536    1038
4537    1210
4538    1210
4539    1210
4540    1210
4541    1210
4542    1210
4543    1210
4544    1210
4545    1210
4546    1210
4547    1210
4548    1210
4549    904
4550    904
4551    904
4552    904
4553    904
4554    904
4555    1406
4556    1406
4557    1406
4558    1406
4559    1406
4560    1406
4561    1023
4562    1023
4563    1023
4564    1023
4565    1023
4566    1023
4567    1023
4568    1023
4569    1023
4570    1023
4571    1023
4572    1023
4573    1159
4574    1159
4575    1159
4576    1159
4577    1159
4578    1159
4579    1159
4580    1159
4581    1159
4582    1159
4583    1159
4584    1159
4585    922
4586    922
4587    922
4588    922
4589    922
4590    922
4591    1489
4592    1489
4593    1489
4594    1489
4595    1489
4596    1489
4597    1086
4598    1086
4599    1086
4600    1086
4601    1086
4602    1086
4603    1086
4604    1086
4605    1086
4606    1086
4607    1086
4608    1086
4609    1252
4610    1252
4611    1252
4612    1252
4613    1252
4614    1252
4615    1252
4616    1252
4617    1252
4618    1252
4619    1252
4620    1252
4621    908
4622    908
4623    908
4624    908
4625    908
4626    908
4627    1455
4628    1455
4629    1455
4630    1455
4631    1455
4632    1455
4633    1058
4634    1058
4635    1058
4636    1058
4637    1058
4638    1058
4639    1058
4640    1058
4641    1058
4642    1058
4643    1058
4644    1058
4645    1183
4646    1183
4647    1183
4648    1183
4649    1183
4650    1183
4651    1183
4652    1183
4653    1183
4654    1183
4655    1183
4656    1183
4657    915
4658    915
4659    915
4660    915
4661    915
4662    915
4663    1467
4664    1467
4665    1467
4666    1467
4667    1467
4668    1467
4669    1082
4670    1082
4671    1082
4672    1082
4673    1082
4674    1082
4675    1082
4676    1082
4677    1082
4678    1082
4679    1082
4680    1082
4681    1237
4682    1237
4683    1237
4684    1237
4685    1237
4686    1237
4687    1237
4688    1237
4689    1237
4690    1237
4691    1237
4692    1237
4693    929
4694    929
4695    929
4696    929
4697    929
4698    929
4699    1506
4700    1506
4701    1506
4702    1506
4703    1506
4704    1506
4705    1103
4706    1103
4707    1103
4708    1103
4709    1103
4710    1103
4711    1103
4712    1103
4713    1103
4714    1103
4715    1103
4716    1103
4717    1249
4718    1249
4719    1249
4720    1249
4721    1249
4722    1249
4723    1249
4724    1249
4725    1249
4726    1249
4727    1249
4728    1249
4729    954
4730    954
4731    954
4732    954
4733    954
4734    954
4735    1492
4736    1492
4737    1492
4738    1492
4739    1492
4740    1492
4741    1106
4742    1106
4743    1106
4744    1106
4745    1106
4746    1106
4747    1106
4748    1106
4749    1106
4750    1106
4751    1106
4752    1106
4753    1256
4754    1256
4755    1256
4756    1256
4757    1256
4758    1256
4759    1256
4760    1256
4761    1256
4762    1256
4763    1256
4764    1256
4765    930
4766    930
4767    930
4768    930
4769    930
4770    930
4771    1473
4772    1473
4773    1473
4774    1473
4775    1473
4776    1473
4777    1075
4778    1075
4779    1075
4780    1075
4781    1075
4782    1075
4783    1075
4784    1075
4785    1075
4786    1075
4787    1075
4788    1075
4789    1212
4790    1212
4791    1212
4792    1212
4793    1212
4794    1212
4795    1212
4796    1212
4797    1212
4798    1212
4799    1212
4800    1212
4801    945
4802    945
4803    945
4804    945
4805    945
4806    945
4807    1491
4808    1491
4809    1491
4810    1491
4811    1491
4812    1491
4813    1118
4814    1118
4815    1118
4816    1118
4817    1118
4818    1118
4819    1118
4820    1118
4821    1118
4822    1118
4823    1118
4824    1118
4825    1220
4826    1220
4827    1220
4828    1220
4829    1220
4830    1220
4831    1220
4832    1220
4833    1220
4834    1220
4835    1220
4836    1220
4837    922
4838    922
4839    922
4840    922
4841    922
4842    922
4843    1468
4844    1468
4845    1468
4846    1468
4847    1468
4848    1468
4849    1063
4850    1063
4851    1063
4852    1063
4853    1063
4854    1063
4855    1063
4856    1063
4857    1063
4858    1063
4859    1063
4860    1063
4861    1211
4862    1211
4863    1211
4864    1211
4865    1211
4866    1211
4867    1211
4868    1211
4869    1211
4870    1211
4871    1211
4872    1211
4873    917
4874    917
4875    917
4876    917
4877    917
4878    917
4879    1459
4880    1459
4881    1459
4882    1459
4883    1459
4884    1459
4885    1079
4886    1079
4887    1079
4888    1079
4889    1079
4890    1079
4891    1079
4892    1079
4893    1079
4894    1079
4895    1079
4896    1079
4897    1222
4898    1222
4899    1222
4900    1222
4901    1222
4902    1222
4903    1222
4904    1222
4905    1222
4906    1222
4907    1222
4908    1222
4909    923
4910    923
4911    923
4912    923
4913    923
4914    923
4915    1455
4916    1455
4917    1455
4918    1455
4919    1455
4920    1455
4921    1057
4922    1057
4923    1057
4924    1057
4925    1057
4926    1057
4927    1057
4928    1057
4929    1057
4930    1057
4931    1057
4932    1057
4933    1204
4934    1204
4935    1204
4936    1204
4937    1204
4938    1204
4939    1204
4940    1204
4941    1204
4942    1204
4943    1204
4944    1204
4945    897
4946    897
4947    897
4948    897
4949    897
4950    897
4951    1429
4952    1429
4953    1429
4954    1429
4955    1429
4956    1429
4957    1063
4958    1063
4959    1063
4960    1063
4961    1063
4962    1063
4963    1063
4964    1063
4965    1063
4966    1063
4967    1063
4968    1063
4969    1199
4970    1199
4971    1199
4972    1199
4973    1199
4974    1199
4975    1199
4976    1199
4977    1199
4978    1199
4979    1199
4980    1199
4981    873
4982    873
4983    873
4984    873
4985    873
4986    873
4987    1403
4988    1403
4989    1403
4990    1403
4991    1403
4992    1403
4993    1041
4994    1041
4995    1041
4996    1041
4997    1041
4998    1041
4999    1041
5000    1041
