1    0
2    0
3    0
4    0
5    0
6    0
7    0
8    0
9    0
10    0
11    0
12    0
13    0
14    0
15    0
16    0
17    0
18    0
19    0
20    0
21    0
22    0
23    0
24    0
25    0
26    0
27    0
28    0
29    0
30    0
31    0
32    0
33    0
34    0
35    0
36    0
37    0
38    0
39    0
40    0
41    0
42    0
43    0
44    0
45    0
46    0
47    0
48    0
49    0
50    0
51    0
52    0
53    0
54    0
55    0
56    0
57    0
58    0
59    0
60    0
61    0
62    0
63    0
64    0
65    0
66    0
67    0
68    0
69    0
70    0
71    0
72    0
73    0
74    0
75    0
76    0
77    0
78    0
79    0
80    0
81    0
82    0
83    0
84    0
85    0
86    0
87    0
88    0
89    0
90    0
91    0
92    0
93    0
94    0
95    0
96    0
97    0
98    0
99    0
100    0
101    0
102    0
103    0
104    0
105    0
106    0
107    0
108    0
109    0
110    0
111    0
112    0
113    0
114    0
115    0
116    0
117    0
118    0
119    0
120    0
121    0
122    0
123    0
124    0
125    0
126    0
127    0
128    0
129    0
130    0
131    0
132    0
133    0
134    0
135    0
136    0
137    0
138    0
139    0
140    0
141    0
142    0
143    0
144    0
145    0
146    0
147    0
148    0
149    0
150    0
151    0
152    0
153    0
154    0
155    0
156    0
157    0
158    0
159    0
160    0
161    0
162    0
163    0
164    0
165    0
166    0
167    0
168    0
169    0
170    0
171    0
172    0
173    0
174    0
175    0
176    0
177    0
178    0
179    0
180    0
181    0
182    0
183    0
184    0
185    0
186    0
187    0
188    0
189    0
190    0
191    0
192    0
193    0
194    0
195    0
196    0
197    0
198    0
199    0
200    0
201    0
202    0
203    0
204    0
205    0
206    0
207    0
208    0
209    0
210    0
211    0
212    0
213    0
214    0
215    0
216    0
217    0
218    0
219    0
220    0
221    0
222    0
223    0
224    0
225    0
226    0
227    0
228    0
229    0
230    0
231    0
232    0
233    0
234    0
235    0
236    0
237    0
238    0
239    0
240    0
241    0
242    0
243    0
244    0
245    0
246    0
247    0
248    0
249    0
250    0
251    0
252    0
253    0
254    0
255    0
256    0
257    0
258    0
259    0
260    0
261    0
262    0
263    0
264    0
265    0
266    0
267    0
268    0
269    0
270    0
271    1
272    1
273    1
274    1
275    1
276    1
277    1
278    1
279    1
280    1
281    1
282    1
283    1
284    1
285    1
286    1
287    1
288    1
289    1
290    1
291    1
292    1
293    1
294    1
295    1
296    1
297    1
298    1
299    1
300    1
301    1
302    1
303    1
304    1
305    1
306    1
307    1
308    1
309    1
310    1
311    1
312    1
313    1
314    1
315    1
316    1
317    1
318    1
319    1
320    1
321    1
322    1
323    1
324    1
325    1
326    1
327    1
328    1
329    1
330    1
331    1
332    1
333    1
334    1
335    1
336    1
337    1
338    1
339    1
340    1
341    1
342    1
343    3
344    3
345    3
346    3
347    3
348    3
349    3
350    3
351    3
352    3
353    3
354    3
355    3
356    3
357    3
358    3
359    3
360    3
361    3
362    3
363    3
364    3
365    3
366    3
367    3
368    3
369    3
370    3
371    3
372    3
373    3
374    3
375    3
376    3
377    3
378    3
379    4
380    4
381    4
382    4
383    4
384    4
385    4
386    4
387    4
388    4
389    4
390    4
391    4
392    4
393    4
394    4
395    4
396    4
397    6
398    6
399    6
400    6
401    6
402    6
403    6
404    6
405    6
406    6
407    6
408    6
409    6
410    6
411    6
412    6
413    6
414    6
415    8
416    8
417    8
418    8
419    8
420    8
421    8
422    8
423    8
424    8
425    8
426    8
427    8
428    8
429    8
430    8
431    8
432    8
433    7
434    7
435    7
436    7
437    7
438    7
439    7
440    7
441    7
442    7
443    7
444    7
445    7
446    7
447    7
448    7
449    7
450    7
451    8
452    8
453    8
454    8
455    8
456    8
457    8
458    8
459    8
460    8
461    8
462    8
463    8
464    8
465    8
466    8
467    8
468    8
469    9
470    9
471    9
472    9
473    9
474    9
475    9
476    9
477    9
478    9
479    9
480    9
481    9
482    9
483    9
484    9
485    9
486    9
487    7
488    7
489    7
490    7
491    7
492    7
493    7
494    7
495    7
496    7
497    7
498    7
499    7
500    7
501    7
502    7
503    7
504    7
505    8
506    8
507    8
508    8
509    8
510    8
511    8
512    8
513    8
514    8
515    8
516    8
517    8
518    8
519    8
520    8
521    8
522    8
523    12
524    12
525    12
526    12
527    12
528    12
529    12
530    12
531    12
532    12
533    12
534    12
535    12
536    12
537    12
538    12
539    12
540    12
541    9
542    9
543    9
544    9
545    9
546    9
547    9
548    9
549    9
550    9
551    9
552    9
553    9
554    9
555    9
556    9
557    9
558    9
559    10
560    10
561    10
562    10
563    10
564    10
565    10
566    10
567    10
568    10
569    10
570    10
571    10
572    10
573    10
574    10
575    10
576    10
577    10
578    10
579    10
580    10
581    10
582    10
583    10
584    10
585    10
586    10
587    10
588    10
589    10
590    10
591    10
592    10
593    10
594    10
595    16
596    16
597    16
598    16
599    16
600    16
601    16
602    16
603    16
604    16
605    16
606    16
607    16
608    16
609    16
610    16
611    16
612    16
613    20
614    20
615    20
616    20
617    20
618    20
619    20
620    20
621    20
622    20
623    20
624    20
625    20
626    20
627    20
628    20
629    20
630    20
631    16
632    16
633    16
634    16
635    16
636    16
637    16
638    16
639    16
640    16
641    16
642    16
643    16
644    16
645    16
646    16
647    16
648    16
649    22
650    22
651    22
652    22
653    22
654    22
655    22
656    22
657    22
658    22
659    22
660    22
661    22
662    22
663    22
664    22
665    22
666    22
667    22
668    22
669    22
670    22
671    22
672    22
673    22
674    22
675    22
676    22
677    22
678    22
679    22
680    22
681    22
682    22
683    22
684    22
685    25
686    25
687    25
688    25
689    25
690    25
691    25
692    25
693    25
694    25
695    25
696    25
697    25
698    25
699    25
700    25
701    25
702    25
703    29
704    29
705    29
706    29
707    29
708    29
709    29
710    29
711    29
712    29
713    29
714    29
715    29
716    29
717    29
718    29
719    29
720    29
721    35
722    35
723    35
724    35
725    35
726    35
727    35
728    35
729    35
730    35
731    35
732    35
733    35
734    35
735    35
736    35
737    35
738    35
739    35
740    35
741    35
742    35
743    35
744    35
745    35
746    35
747    35
748    35
749    35
750    35
751    35
752    35
753    35
754    35
755    35
756    35
757    37
758    37
759    37
760    37
761    37
762    37
763    37
764    37
765    37
766    37
767    37
768    37
769    37
770    37
771    37
772    37
773    37
774    37
775    45
776    45
777    45
778    45
779    45
780    45
781    45
782    45
783    45
784    45
785    45
786    45
787    45
788    45
789    45
790    45
791    45
792    45
793    51
794    51
795    51
796    51
797    51
798    51
799    51
800    51
801    51
802    51
803    51
804    51
805    51
806    51
807    51
808    51
809    51
810    51
811    53
812    53
813    53
814    53
815    53
816    53
817    53
818    53
819    53
820    53
821    53
822    53
823    53
824    53
825    53
826    53
827    53
828    53
829    59
830    59
831    59
832    59
833    59
834    59
835    59
836    59
837    59
838    59
839    59
840    59
841    59
842    59
843    59
844    59
845    59
846    59
847    70
848    70
849    70
850    70
851    70
852    70
853    70
854    70
855    70
856    70
857    70
858    70
859    70
860    70
861    70
862    70
863    70
864    70
865    70
866    70
867    70
868    70
869    70
870    70
871    70
872    70
873    70
874    70
875    70
876    70
877    70
878    70
879    70
880    70
881    70
882    70
883    68
884    68
885    68
886    68
887    68
888    68
889    68
890    68
891    68
892    68
893    68
894    68
895    68
896    68
897    68
898    68
899    68
900    68
901    73
902    73
903    73
904    73
905    73
906    73
907    73
908    73
909    73
910    73
911    73
912    73
913    73
914    73
915    73
916    73
917    73
918    73
919    70
920    70
921    70
922    70
923    70
924    70
925    70
926    70
927    70
928    70
929    70
930    70
931    70
932    70
933    70
934    70
935    70
936    70
937    70
938    70
939    70
940    70
941    70
942    70
943    70
944    70
945    70
946    70
947    70
948    70
949    70
950    70
951    70
952    70
953    70
954    70
955    68
956    68
957    68
958    68
959    68
960    68
961    68
962    68
963    68
964    68
965    68
966    68
967    68
968    68
969    68
970    68
971    68
972    68
973    78
974    78
975    78
976    78
977    78
978    78
979    78
980    78
981    78
982    78
983    78
984    78
985    78
986    78
987    78
988    78
989    78
990    78
991    82
992    82
993    82
994    82
995    82
996    82
997    82
998    82
999    82
1000    82
1001    82
1002    82
1003    82
1004    82
1005    82
1006    82
1007    82
1008    82
1009    87
1010    87
1011    87
1012    87
1013    87
1014    87
1015    87
1016    87
1017    87
1018    87
1019    87
1020    87
1021    87
1022    87
1023    87
1024    87
1025    87
1026    87
1027    85
1028    85
1029    85
1030    85
1031    85
1032    85
1033    85
1034    85
1035    85
1036    85
1037    85
1038    85
1039    85
1040    85
1041    85
1042    85
1043    85
1044    85
1045    83
1046    83
1047    83
1048    83
1049    83
1050    83
1051    83
1052    83
1053    83
1054    83
1055    83
1056    83
1057    83
1058    83
1059    83
1060    83
1061    83
1062    83
1063    78
1064    78
1065    78
1066    78
1067    78
1068    78
1069    78
1070    78
1071    78
1072    78
1073    78
1074    78
1075    78
1076    78
1077    78
1078    78
1079    78
1080    78
1081    86
1082    86
1083    86
1084    86
1085    86
1086    86
1087    86
1088    86
1089    86
1090    86
1091    86
1092    86
1093    86
1094    86
1095    86
1096    86
1097    86
1098    86
1099    81
1100    81
1101    81
1102    81
1103    81
1104    81
1105    81
1106    81
1107    81
1108    81
1109    81
1110    81
1111    81
1112    81
1113    81
1114    81
1115    81
1116    81
1117    71
1118    71
1119    71
1120    71
1121    71
1122    71
1123    71
1124    71
1125    71
1126    71
1127    71
1128    71
1129    71
1130    71
1131    71
1132    71
1133    71
1134    71
1135    72
1136    72
1137    72
1138    72
1139    72
1140    72
1141    72
1142    72
1143    72
1144    72
1145    72
1146    72
1147    72
1148    72
1149    72
1150    72
1151    72
1152    72
1153    65
1154    65
1155    65
1156    65
1157    65
1158    65
1159    65
1160    65
1161    65
1162    65
1163    65
1164    65
1165    65
1166    65
1167    65
1168    65
1169    65
1170    65
1171    72
1172    72
1173    72
1174    72
1175    72
1176    72
1177    72
1178    72
1179    72
1180    72
1181    72
1182    72
1183    72
1184    72
1185    72
1186    72
1187    72
1188    72
1189    74
1190    74
1191    74
1192    74
1193    74
1194    74
1195    74
1196    74
1197    74
1198    74
1199    74
1200    74
1201    74
1202    74
1203    74
1204    74
1205    74
1206    74
1207    79
1208    79
1209    79
1210    79
1211    79
1212    79
1213    79
1214    79
1215    79
1216    79
1217    79
1218    79
1219    79
1220    79
1221    79
1222    79
1223    79
1224    79
1225    88
1226    88
1227    88
1228    88
1229    88
1230    88
1231    88
1232    88
1233    88
1234    88
1235    88
1236    88
1237    87
1238    87
1239    87
1240    87
1241    87
1242    87
1243    96
1244    96
1245    96
1246    96
1247    96
1248    96
1249    96
1250    96
1251    96
1252    96
1253    96
1254    96
1255    96
1256    96
1257    96
1258    96
1259    96
1260    96
1261    88
1262    88
1263    88
1264    88
1265    88
1266    88
1267    88
1268    88
1269    88
1270    88
1271    88
1272    88
1273    88
1274    88
1275    88
1276    88
1277    88
1278    88
1279    88
1280    88
1281    88
1282    88
1283    88
1284    88
1285    88
1286    88
1287    88
1288    88
1289    88
1290    88
1291    88
1292    88
1293    88
1294    88
1295    88
1296    88
1297    102
1298    102
1299    102
1300    102
1301    102
1302    102
1303    102
1304    102
1305    102
1306    102
1307    102
1308    102
1309    102
1310    102
1311    102
1312    102
1313    102
1314    102
1315    112
1316    112
1317    112
1318    112
1319    112
1320    112
1321    112
1322    112
1323    112
1324    112
1325    112
1326    112
1327    112
1328    112
1329    112
1330    112
1331    112
1332    112
1333    124
1334    124
1335    124
1336    124
1337    124
1338    124
1339    124
1340    124
1341    124
1342    124
1343    124
1344    124
1345    124
1346    124
1347    124
1348    124
1349    124
1350    124
1351    115
1352    115
1353    115
1354    115
1355    115
1356    115
1357    114
1358    114
1359    114
1360    114
1361    114
1362    114
1363    114
1364    114
1365    114
1366    114
1367    114
1368    114
1369    122
1370    122
1371    122
1372    122
1373    122
1374    122
1375    122
1376    122
1377    122
1378    122
1379    122
1380    122
1381    119
1382    119
1383    119
1384    119
1385    119
1386    119
1387    115
1388    115
1389    115
1390    115
1391    115
1392    115
1393    113
1394    113
1395    113
1396    113
1397    113
1398    113
1399    113
1400    113
1401    113
1402    113
1403    113
1404    113
1405    120
1406    120
1407    120
1408    120
1409    120
1410    120
1411    120
1412    120
1413    120
1414    120
1415    120
1416    120
1417    118
1418    118
1419    118
1420    118
1421    118
1422    118
1423    118
1424    118
1425    118
1426    118
1427    118
1428    118
1429    114
1430    114
1431    114
1432    114
1433    114
1434    114
1435    114
1436    114
1437    114
1438    114
1439    114
1440    114
1441    120
1442    120
1443    120
1444    120
1445    120
1446    120
1447    120
1448    120
1449    120
1450    120
1451    120
1452    120
1453    117
1454    117
1455    117
1456    117
1457    117
1458    117
1459    128
1460    128
1461    128
1462    128
1463    128
1464    128
1465    127
1466    127
1467    127
1468    127
1469    127
1470    127
1471    127
1472    127
1473    127
1474    127
1475    127
1476    127
1477    128
1478    128
1479    128
1480    128
1481    128
1482    128
1483    128
1484    128
1485    128
1486    128
1487    128
1488    128
1489    125
1490    125
1491    125
1492    125
1493    125
1494    125
1495    130
1496    130
1497    130
1498    130
1499    130
1500    130
1501    125
1502    125
1503    125
1504    125
1505    125
1506    125
1507    125
1508    125
1509    125
1510    125
1511    125
1512    125
1513    116
1514    116
1515    116
1516    116
1517    116
1518    116
1519    116
1520    116
1521    116
1522    116
1523    116
1524    116
1525    109
1526    109
1527    109
1528    109
1529    109
1530    109
1531    118
1532    118
1533    118
1534    118
1535    118
1536    118
1537    112
1538    112
1539    112
1540    112
1541    112
1542    112
1543    112
1544    112
1545    112
1546    112
1547    112
1548    112
1549    115
1550    115
1551    115
1552    115
1553    115
1554    115
1555    115
1556    115
1557    115
1558    115
1559    115
1560    115
1561    106
1562    106
1563    106
1564    106
1565    106
1566    106
1567    115
1568    115
1569    115
1570    115
1571    115
1572    115
1573    104
1574    104
1575    104
1576    104
1577    104
1578    104
1579    104
1580    104
1581    104
1582    104
1583    104
1584    104
1585    102
1586    102
1587    102
1588    102
1589    102
1590    102
1591    102
1592    102
1593    102
1594    102
1595    102
1596    102
1597    92
1598    92
1599    92
1600    92
1601    92
1602    92
1603    105
1604    105
1605    105
1606    105
1607    105
1608    105
1609    89
1610    89
1611    89
1612    89
1613    89
1614    89
1615    89
1616    89
1617    89
1618    89
1619    89
1620    89
1621    81
1622    81
1623    81
1624    81
1625    81
1626    81
1627    81
1628    81
1629    81
1630    81
1631    81
1632    81
1633    67
1634    67
1635    67
1636    67
1637    67
1638    67
1639    83
1640    83
1641    83
1642    83
1643    83
1644    83
1645    72
1646    72
1647    72
1648    72
1649    72
1650    72
1651    72
1652    72
1653    72
1654    72
1655    72
1656    72
1657    71
1658    71
1659    71
1660    71
1661    71
1662    71
1663    71
1664    71
1665    71
1666    71
1667    71
1668    71
1669    55
1670    55
1671    55
1672    55
1673    55
1674    55
1675    72
1676    72
1677    72
1678    72
1679    72
1680    72
1681    59
1682    59
1683    59
1684    59
1685    59
1686    59
1687    59
1688    59
1689    59
1690    59
1691    59
1692    59
1693    64
1694    64
1695    64
1696    64
1697    64
1698    64
1699    64
1700    64
1701    64
1702    64
1703    64
1704    64
1705    49
1706    49
1707    49
1708    49
1709    49
1710    49
1711    69
1712    69
1713    69
1714    69
1715    69
1716    69
1717    50
1718    50
1719    50
1720    50
1721    50
1722    50
1723    50
1724    50
1725    50
1726    50
1727    50
1728    50
1729    61
1730    61
1731    61
1732    61
1733    61
1734    61
1735    61
1736    61
1737    61
1738    61
1739    61
1740    61
1741    45
1742    45
1743    45
1744    45
1745    45
1746    45
1747    60
1748    60
1749    60
1750    60
1751    60
1752    60
1753    42
1754    42
1755    42
1756    42
1757    42
1758    42
1759    42
1760    42
1761    42
1762    42
1763    42
1764    42
1765    45
1766    45
1767    45
1768    45
1769    45
1770    45
1771    45
1772    45
1773    45
1774    45
1775    45
1776    45
1777    29
1778    29
1779    29
1780    29
1781    29
1782    29
1783    42
1784    42
1785    42
1786    42
1787    42
1788    42
1789    28
1790    28
1791    28
1792    28
1793    28
1794    28
1795    28
1796    28
1797    28
1798    28
1799    28
1800    28
1801    31
1802    31
1803    31
1804    31
1805    31
1806    31
1807    31
1808    31
1809    31
1810    31
1811    31
1812    31
1813    15
1814    15
1815    15
1816    15
1817    15
1818    15
1819    28
1820    28
1821    28
1822    28
1823    28
1824    28
1825    18
1826    18
1827    18
1828    18
1829    18
1830    18
1831    18
1832    18
1833    18
1834    18
1835    18
1836    18
1837    17
1838    17
1839    17
1840    17
1841    17
1842    17
1843    17
1844    17
1845    17
1846    17
1847    17
1848    17
1849    12
1850    12
1851    12
1852    12
1853    12
1854    12
1855    16
1856    16
1857    16
1858    16
1859    16
1860    16
1861    11
1862    11
1863    11
1864    11
1865    11
1866    11
1867    11
1868    11
1869    11
1870    11
1871    11
1872    11
1873    10
1874    10
1875    10
1876    10
1877    10
1878    10
1879    10
1880    10
1881    10
1882    10
1883    10
1884    10
1885    5
1886    5
1887    5
1888    5
1889    5
1890    5
1891    7
1892    7
1893    7
1894    7
1895    7
1896    7
1897    2
1898    2
1899    2
1900    2
1901    2
1902    2
1903    2
1904    2
1905    2
1906    2
1907    2
1908    2
1909    2
1910    2
1911    2
1912    2
1913    2
1914    2
1915    2
1916    2
1917    2
1918    2
1919    2
1920    2
1921    2
1922    2
1923    2
1924    2
1925    2
1926    2
1927    4
1928    4
1929    4
1930    4
1931    4
1932    4
1933    0
1934    0
1935    0
1936    0
1937    0
1938    0
1939    0
1940    0
1941    0
1942    0
1943    0
1944    0
1945    1
1946    1
1947    1
1948    1
1949    1
1950    1
1951    1
1952    1
1953    1
1954    1
1955    1
1956    1
1957    1
1958    1
1959    1
1960    1
1961    1
1962    1
1963    2
1964    2
1965    2
1966    2
1967    2
1968    2
1969    1
1970    1
1971    1
1972    1
1973    1
1974    1
1975    1
1976    1
1977    1
1978    1
1979    1
1980    1
1981    2
1982    2
1983    2
1984    2
1985    2
1986    2
1987    2
1988    2
1989    2
1990    2
1991    2
1992    2
1993    1
1994    1
1995    1
1996    1
1997    1
1998    1
1999    1
2000    1
2001    1
2002    1
2003    1
2004    1
2005    0
2006    0
2007    0
2008    0
2009    0
2010    0
2011    0
2012    0
2013    0
2014    0
2015    0
2016    0
2017    2
2018    2
2019    2
2020    2
2021    2
2022    2
2023    2
2024    2
2025    2
2026    2
2027    2
2028    2
2029    1
2030    1
2031    1
2032    1
2033    1
2034    1
2035    3
2036    3
2037    3
2038    3
2039    3
2040    3
2041    2
2042    2
2043    2
2044    2
2045    2
2046    2
2047    2
2048    2
2049    2
2050    2
2051    2
2052    2
2053    1
2054    1
2055    1
2056    1
2057    1
2058    1
2059    1
2060    1
2061    1
2062    1
2063    1
2064    1
2065    1
2066    1
2067    1
2068    1
2069    1
2070    1
2071    2
2072    2
2073    2
2074    2
2075    2
2076    2
2077    1
2078    1
2079    1
2080    1
2081    1
2082    1
2083    1
2084    1
2085    1
2086    1
2087    1
2088    1
2089    2
2090    2
2091    2
2092    2
2093    2
2094    2
2095    2
2096    2
2097    2
2098    2
2099    2
2100    2
2101    1
2102    1
2103    1
2104    1
2105    1
2106    1
2107    3
2108    3
2109    3
2110    3
2111    3
2112    3
2113    1
2114    1
2115    1
2116    1
2117    1
2118    1
2119    1
2120    1
2121    1
2122    1
2123    1
2124    1
2125    2
2126    2
2127    2
2128    2
2129    2
2130    2
2131    2
2132    2
2133    2
2134    2
2135    2
2136    2
2137    2
2138    2
2139    2
2140    2
2141    2
2142    2
2143    2
2144    2
2145    2
2146    2
2147    2
2148    2
2149    1
2150    1
2151    1
2152    1
2153    1
2154    1
2155    1
2156    1
2157    1
2158    1
2159    1
2160    1
2161    3
2162    3
2163    3
2164    3
2165    3
2166    3
2167    3
2168    3
2169    3
2170    3
2171    3
2172    3
2173    1
2174    1
2175    1
2176    1
2177    1
2178    1
2179    3
2180    3
2181    3
2182    3
2183    3
2184    3
2185    2
2186    2
2187    2
2188    2
2189    2
2190    2
2191    2
2192    2
2193    2
2194    2
2195    2
2196    2
2197    1
2198    1
2199    1
2200    1
2201    1
2202    1
2203    1
2204    1
2205    1
2206    1
2207    1
2208    1
2209    0
2210    0
2211    0
2212    0
2213    0
2214    0
2215    1
2216    1
2217    1
2218    1
2219    1
2220    1
2221    0
2222    0
2223    0
2224    0
2225    0
2226    0
2227    0
2228    0
2229    0
2230    0
2231    0
2232    0
2233    1
2234    1
2235    1
2236    1
2237    1
2238    1
2239    1
2240    1
2241    1
2242    1
2243    1
2244    1
2245    1
2246    1
2247    1
2248    1
2249    1
2250    1
2251    3
2252    3
2253    3
2254    3
2255    3
2256    3
2257    1
2258    1
2259    1
2260    1
2261    1
2262    1
2263    1
2264    1
2265    1
2266    1
2267    1
2268    1
2269    1
2270    1
2271    1
2272    1
2273    1
2274    1
2275    1
2276    1
2277    1
2278    1
2279    1
2280    1
2281    0
2282    0
2283    0
2284    0
2285    0
2286    0
2287    0
2288    0
2289    0
2290    0
2291    0
2292    0
2293    0
2294    0
2295    0
2296    0
2297    0
2298    0
2299    0
2300    0
2301    0
2302    0
2303    0
2304    0
2305    3
2306    3
2307    3
2308    3
2309    3
2310    3
2311    3
2312    3
2313    3
2314    3
2315    3
2316    3
2317    2
2318    2
2319    2
2320    2
2321    2
2322    2
2323    4
2324    4
2325    4
2326    4
2327    4
2328    4
2329    3
2330    3
2331    3
2332    3
2333    3
2334    3
2335    3
2336    3
2337    3
2338    3
2339    3
2340    3
2341    2
2342    2
2343    2
2344    2
2345    2
2346    2
2347    2
2348    2
2349    2
2350    2
2351    2
2352    2
2353    2
2354    2
2355    2
2356    2
2357    2
2358    2
2359    4
2360    4
2361    4
2362    4
2363    4
2364    4
2365    1
2366    1
2367    1
2368    1
2369    1
2370    1
2371    1
2372    1
2373    1
2374    1
2375    1
2376    1
2377    2
2378    2
2379    2
2380    2
2381    2
2382    2
2383    2
2384    2
2385    2
2386    2
2387    2
2388    2
2389    2
2390    2
2391    2
2392    2
2393    2
2394    2
2395    2
2396    2
2397    2
2398    2
2399    2
2400    2
2401    2
2402    2
2403    2
2404    2
2405    2
2406    2
2407    2
2408    2
2409    2
2410    2
2411    2
2412    2
2413    2
2414    2
2415    2
2416    2
2417    2
2418    2
2419    2
2420    2
2421    2
2422    2
2423    2
2424    2
2425    0
2426    0
2427    0
2428    0
2429    0
2430    0
2431    0
2432    0
2433    0
2434    0
2435    0
2436    0
2437    0
2438    0
2439    0
2440    0
2441    0
2442    0
2443    0
2444    0
2445    0
2446    0
2447    0
2448    0
2449    0
2450    0
2451    0
2452    0
2453    0
2454    0
2455    0
2456    0
2457    0
2458    0
2459    0
2460    0
2461    0
2462    0
2463    0
2464    0
2465    0
2466    0
2467    0
2468    0
2469    0
2470    0
2471    0
2472    0
2473    0
2474    0
2475    0
2476    0
2477    0
2478    0
2479    0
2480    0
2481    0
2482    0
2483    0
2484    0
2485    1
2486    1
2487    1
2488    1
2489    1
2490    1
2491    1
2492    1
2493    1
2494    1
2495    1
2496    1
2497    0
2498    0
2499    0
2500    0
2501    0
2502    0
2503    0
2504    0
2505    0
2506    0
2507    0
2508    0
2509    0
2510    0
2511    0
2512    0
2513    0
2514    0
2515    0
2516    0
2517    0
2518    0
2519    0
2520    0
2521    2
2522    2
2523    2
2524    2
2525    2
2526    2
2527    2
2528    2
2529    2
2530    2
2531    2
2532    2
2533    0
2534    0
2535    0
2536    0
2537    0
2538    0
2539    2
2540    2
2541    2
2542    2
2543    2
2544    2
2545    1
2546    1
2547    1
2548    1
2549    1
2550    1
2551    1
2552    1
2553    1
2554    1
2555    1
2556    1
2557    2
2558    2
2559    2
2560    2
2561    2
2562    2
2563    2
2564    2
2565    2
2566    2
2567    2
2568    2
2569    1
2570    1
2571    1
2572    1
2573    1
2574    1
2575    2
2576    2
2577    2
2578    2
2579    2
2580    2
2581    1
2582    1
2583    1
2584    1
2585    1
2586    1
2587    1
2588    1
2589    1
2590    1
2591    1
2592    1
2593    1
2594    1
2595    1
2596    1
2597    1
2598    1
2599    1
2600    1
2601    1
2602    1
2603    1
2604    1
2605    1
2606    1
2607    1
2608    1
2609    1
2610    1
2611    3
2612    3
2613    3
2614    3
2615    3
2616    3
2617    1
2618    1
2619    1
2620    1
2621    1
2622    1
2623    1
2624    1
2625    1
2626    1
2627    1
2628    1
2629    2
2630    2
2631    2
2632    2
2633    2
2634    2
2635    2
2636    2
2637    2
2638    2
2639    2
2640    2
2641    1
2642    1
2643    1
2644    1
2645    1
2646    1
2647    1
2648    1
2649    1
2650    1
2651    1
2652    1
2653    1
2654    1
2655    1
2656    1
2657    1
2658    1
2659    1
2660    1
2661    1
2662    1
2663    1
2664    1
2665    2
2666    2
2667    2
2668    2
2669    2
2670    2
2671    2
2672    2
2673    2
2674    2
2675    2
2676    2
2677    2
2678    2
2679    2
2680    2
2681    2
2682    2
2683    3
2684    3
2685    3
2686    3
2687    3
2688    3
2689    1
2690    1
2691    1
2692    1
2693    1
2694    1
2695    1
2696    1
2697    1
2698    1
2699    1
2700    1
2701    2
2702    2
2703    2
2704    2
2705    2
2706    2
2707    2
2708    2
2709    2
2710    2
2711    2
2712    2
2713    2
2714    2
2715    2
2716    2
2717    2
2718    2
2719    4
2720    4
2721    4
2722    4
2723    4
2724    4
2725    4
2726    4
2727    4
2728    4
2729    4
2730    4
2731    4
2732    4
2733    4
2734    4
2735    4
2736    4
2737    5
2738    5
2739    5
2740    5
2741    5
2742    5
2743    5
2744    5
2745    5
2746    5
2747    5
2748    5
2749    3
2750    3
2751    3
2752    3
2753    3
2754    3
2755    5
2756    5
2757    5
2758    5
2759    5
2760    5
2761    4
2762    4
2763    4
2764    4
2765    4
2766    4
2767    4
2768    4
2769    4
2770    4
2771    4
2772    4
2773    5
2774    5
2775    5
2776    5
2777    5
2778    5
2779    5
2780    5
2781    5
2782    5
2783    5
2784    5
2785    4
2786    4
2787    4
2788    4
2789    4
2790    4
2791    10
2792    10
2793    10
2794    10
2795    10
2796    10
2797    5
2798    5
2799    5
2800    5
2801    5
2802    5
2803    5
2804    5
2805    5
2806    5
2807    5
2808    5
2809    6
2810    6
2811    6
2812    6
2813    6
2814    6
2815    6
2816    6
2817    6
2818    6
2819    6
2820    6
2821    4
2822    4
2823    4
2824    4
2825    4
2826    4
2827    10
2828    10
2829    10
2830    10
2831    10
2832    10
2833    7
2834    7
2835    7
2836    7
2837    7
2838    7
2839    7
2840    7
2841    7
2842    7
2843    7
2844    7
2845    11
2846    11
2847    11
2848    11
2849    11
2850    11
2851    11
2852    11
2853    11
2854    11
2855    11
2856    11
2857    3
2858    3
2859    3
2860    3
2861    3
2862    3
2863    9
2864    9
2865    9
2866    9
2867    9
2868    9
2869    5
2870    5
2871    5
2872    5
2873    5
2874    5
2875    5
2876    5
2877    5
2878    5
2879    5
2880    5
2881    4
2882    4
2883    4
2884    4
2885    4
2886    4
2887    4
2888    4
2889    4
2890    4
2891    4
2892    4
2893    2
2894    2
2895    2
2896    2
2897    2
2898    2
2899    5
2900    5
2901    5
2902    5
2903    5
2904    5
2905    1
2906    1
2907    1
2908    1
2909    1
2910    1
2911    1
2912    1
2913    1
2914    1
2915    1
2916    1
2917    1
2918    1
2919    1
2920    1
2921    1
2922    1
2923    1
2924    1
2925    1
2926    1
2927    1
2928    1
2929    1
2930    1
2931    1
2932    1
2933    1
2934    1
2935    2
2936    2
2937    2
2938    2
2939    2
2940    2
2941    1
2942    1
2943    1
2944    1
2945    1
2946    1
2947    1
2948    1
2949    1
2950    1
2951    1
2952    1
2953    3
2954    3
2955    3
2956    3
2957    3
2958    3
2959    3
2960    3
2961    3
2962    3
2963    3
2964    3
2965    1
2966    1
2967    1
2968    1
2969    1
2970    1
2971    4
2972    4
2973    4
2974    4
2975    4
2976    4
2977    2
2978    2
2979    2
2980    2
2981    2
2982    2
2983    2
2984    2
2985    2
2986    2
2987    2
2988    2
2989    3
2990    3
2991    3
2992    3
2993    3
2994    3
2995    3
2996    3
2997    3
2998    3
2999    3
3000    3
3001    0
3002    0
3003    0
3004    0
3005    0
3006    0
3007    2
3008    2
3009    2
3010    2
3011    2
3012    2
3013    1
3014    1
3015    1
3016    1
3017    1
3018    1
3019    1
3020    1
3021    1
3022    1
3023    1
3024    1
3025    0
3026    0
3027    0
3028    0
3029    0
3030    0
3031    0
3032    0
3033    0
3034    0
3035    0
3036    0
3037    0
3038    0
3039    0
3040    0
3041    0
3042    0
3043    1
3044    1
3045    1
3046    1
3047    1
3048    1
3049    1
3050    1
3051    1
3052    1
3053    1
3054    1
3055    1
3056    1
3057    1
3058    1
3059    1
3060    1
3061    2
3062    2
3063    2
3064    2
3065    2
3066    2
3067    2
3068    2
3069    2
3070    2
3071    2
3072    2
3073    2
3074    2
3075    2
3076    2
3077    2
3078    2
3079    2
3080    2
3081    2
3082    2
3083    2
3084    2
3085    2
3086    2
3087    2
3088    2
3089    2
3090    2
3091    2
3092    2
3093    2
3094    2
3095    2
3096    2
3097    7
3098    7
3099    7
3100    7
3101    7
3102    7
3103    7
3104    7
3105    7
3106    7
3107    7
3108    7
3109    1
3110    1
3111    1
3112    1
3113    1
3114    1
3115    2
3116    2
3117    2
3118    2
3119    2
3120    2
3121    2
3122    2
3123    2
3124    2
3125    2
3126    2
3127    2
3128    2
3129    2
3130    2
3131    2
3132    2
3133    4
3134    4
3135    4
3136    4
3137    4
3138    4
3139    4
3140    4
3141    4
3142    4
3143    4
3144    4
3145    2
3146    2
3147    2
3148    2
3149    2
3150    2
3151    4
3152    4
3153    4
3154    4
3155    4
3156    4
3157    4
3158    4
3159    4
3160    4
3161    4
3162    4
3163    4
3164    4
3165    4
3166    4
3167    4
3168    4
3169    2
3170    2
3171    2
3172    2
3173    2
3174    2
3175    2
3176    2
3177    2
3178    2
3179    2
3180    2
3181    0
3182    0
3183    0
3184    0
3185    0
3186    0
3187    0
3188    0
3189    0
3190    0
3191    0
3192    0
3193    0
3194    0
3195    0
3196    0
3197    0
3198    0
3199    0
3200    0
3201    0
3202    0
3203    0
3204    0
3205    1
3206    1
3207    1
3208    1
3209    1
3210    1
3211    1
3212    1
3213    1
3214    1
3215    1
3216    1
3217    1
3218    1
3219    1
3220    1
3221    1
3222    1
3223    2
3224    2
3225    2
3226    2
3227    2
3228    2
3229    2
3230    2
3231    2
3232    2
3233    2
3234    2
3235    2
3236    2
3237    2
3238    2
3239    2
3240    2
3241    3
3242    3
3243    3
3244    3
3245    3
3246    3
3247    3
3248    3
3249    3
3250    3
3251    3
3252    3
3253    2
3254    2
3255    2
3256    2
3257    2
3258    2
3259    3
3260    3
3261    3
3262    3
3263    3
3264    3
3265    1
3266    1
3267    1
3268    1
3269    1
3270    1
3271    1
3272    1
3273    1
3274    1
3275    1
3276    1
3277    2
3278    2
3279    2
3280    2
3281    2
3282    2
3283    2
3284    2
3285    2
3286    2
3287    2
3288    2
3289    1
3290    1
3291    1
3292    1
3293    1
3294    1
3295    3
3296    3
3297    3
3298    3
3299    3
3300    3
3301    1
3302    1
3303    1
3304    1
3305    1
3306    1
3307    1
3308    1
3309    1
3310    1
3311    1
3312    1
3313    2
3314    2
3315    2
3316    2
3317    2
3318    2
3319    2
3320    2
3321    2
3322    2
3323    2
3324    2
3325    2
3326    2
3327    2
3328    2
3329    2
3330    2
3331    4
3332    4
3333    4
3334    4
3335    4
3336    4
3337    1
3338    1
3339    1
3340    1
3341    1
3342    1
3343    1
3344    1
3345    1
3346    1
3347    1
3348    1
3349    1
3350    1
3351    1
3352    1
3353    1
3354    1
3355    1
3356    1
3357    1
3358    1
3359    1
3360    1
3361    1
3362    1
3363    1
3364    1
3365    1
3366    1
3367    2
3368    2
3369    2
3370    2
3371    2
3372    2
3373    0
3374    0
3375    0
3376    0
3377    0
3378    0
3379    0
3380    0
3381    0
3382    0
3383    0
3384    0
3385    1
3386    1
3387    1
3388    1
3389    1
3390    1
3391    1
3392    1
3393    1
3394    1
3395    1
3396    1
3397    1
3398    1
3399    1
3400    1
3401    1
3402    1
3403    2
3404    2
3405    2
3406    2
3407    2
3408    2
3409    1
3410    1
3411    1
3412    1
3413    1
3414    1
3415    1
3416    1
3417    1
3418    1
3419    1
3420    1
3421    4
3422    4
3423    4
3424    4
3425    4
3426    4
3427    4
3428    4
3429    4
3430    4
3431    4
3432    4
3433    2
3434    2
3435    2
3436    2
3437    2
3438    2
3439    5
3440    5
3441    5
3442    5
3443    5
3444    5
3445    3
3446    3
3447    3
3448    3
3449    3
3450    3
3451    3
3452    3
3453    3
3454    3
3455    3
3456    3
3457    2
3458    2
3459    2
3460    2
3461    2
3462    2
3463    2
3464    2
3465    2
3466    2
3467    2
3468    2
3469    1
3470    1
3471    1
3472    1
3473    1
3474    1
3475    1
3476    1
3477    1
3478    1
3479    1
3480    1
3481    1
3482    1
3483    1
3484    1
3485    1
3486    1
3487    1
3488    1
3489    1
3490    1
3491    1
3492    1
3493    3
3494    3
3495    3
3496    3
3497    3
3498    3
3499    3
3500    3
3501    3
3502    3
3503    3
3504    3
3505    2
3506    2
3507    2
3508    2
3509    2
3510    2
3511    5
3512    5
3513    5
3514    5
3515    5
3516    5
3517    2
3518    2
3519    2
3520    2
3521    2
3522    2
3523    2
3524    2
3525    2
3526    2
3527    2
3528    2
3529    3
3530    3
3531    3
3532    3
3533    3
3534    3
3535    3
3536    3
3537    3
3538    3
3539    3
3540    3
3541    1
3542    1
3543    1
3544    1
3545    1
3546    1
3547    2
3548    2
3549    2
3550    2
3551    2
3552    2
3553    1
3554    1
3555    1
3556    1
3557    1
3558    1
3559    1
3560    1
3561    1
3562    1
3563    1
3564    1
3565    2
3566    2
3567    2
3568    2
3569    2
3570    2
3571    2
3572    2
3573    2
3574    2
3575    2
3576    2
3577    1
3578    1
3579    1
3580    1
3581    1
3582    1
3583    3
3584    3
3585    3
3586    3
3587    3
3588    3
3589    1
3590    1
3591    1
3592    1
3593    1
3594    1
3595    1
3596    1
3597    1
3598    1
3599    1
3600    1
3601    2
3602    2
3603    2
3604    2
3605    2
3606    2
3607    2
3608    2
3609    2
3610    2
3611    2
3612    2
3613    2
3614    2
3615    2
3616    2
3617    2
3618    2
3619    4
3620    4
3621    4
3622    4
3623    4
3624    4
3625    3
3626    3
3627    3
3628    3
3629    3
3630    3
3631    3
3632    3
3633    3
3634    3
3635    3
3636    3
3637    4
3638    4
3639    4
3640    4
3641    4
3642    4
3643    4
3644    4
3645    4
3646    4
3647    4
3648    4
3649    3
3650    3
3651    3
3652    3
3653    3
3654    3
3655    6
3656    6
3657    6
3658    6
3659    6
3660    6
3661    3
3662    3
3663    3
3664    3
3665    3
3666    3
3667    3
3668    3
3669    3
3670    3
3671    3
3672    3
3673    5
3674    5
3675    5
3676    5
3677    5
3678    5
3679    5
3680    5
3681    5
3682    5
3683    5
3684    5
3685    3
3686    3
3687    3
3688    3
3689    3
3690    3
3691    5
3692    5
3693    5
3694    5
3695    5
3696    5
3697    4
3698    4
3699    4
3700    4
3701    4
3702    4
3703    4
3704    4
3705    4
3706    4
3707    4
3708    4
3709    6
3710    6
3711    6
3712    6
3713    6
3714    6
3715    6
3716    6
3717    6
3718    6
3719    6
3720    6
3721    6
3722    6
3723    6
3724    6
3725    6
3726    6
3727    10
3728    10
3729    10
3730    10
3731    10
3732    10
3733    6
3734    6
3735    6
3736    6
3737    6
3738    6
3739    6
3740    6
3741    6
3742    6
3743    6
3744    6
3745    4
3746    4
3747    4
3748    4
3749    4
3750    4
3751    4
3752    4
3753    4
3754    4
3755    4
3756    4
3757    1
3758    1
3759    1
3760    1
3761    1
3762    1
3763    1
3764    1
3765    1
3766    1
3767    1
3768    1
3769    0
3770    0
3771    0
3772    0
3773    0
3774    0
3775    0
3776    0
3777    0
3778    0
3779    0
3780    0
3781    3
3782    3
3783    3
3784    3
3785    3
3786    3
3787    3
3788    3
3789    3
3790    3
3791    3
3792    3
3793    2
3794    2
3795    2
3796    2
3797    2
3798    2
3799    5
3800    5
3801    5
3802    5
3803    5
3804    5
3805    4
3806    4
3807    4
3808    4
3809    4
3810    4
3811    4
3812    4
3813    4
3814    4
3815    4
3816    4
3817    5
3818    5
3819    5
3820    5
3821    5
3822    5
3823    5
3824    5
3825    5
3826    5
3827    5
3828    5
3829    3
3830    3
3831    3
3832    3
3833    3
3834    3
3835    6
3836    6
3837    6
3838    6
3839    6
3840    6
3841    3
3842    3
3843    3
3844    3
3845    3
3846    3
3847    3
3848    3
3849    3
3850    3
3851    3
3852    3
3853    3
3854    3
3855    3
3856    3
3857    3
3858    3
3859    3
3860    3
3861    3
3862    3
3863    3
3864    3
3865    3
3866    3
3867    3
3868    3
3869    3
3870    3
3871    6
3872    6
3873    6
3874    6
3875    6
3876    6
3877    5
3878    5
3879    5
3880    5
3881    5
3882    5
3883    5
3884    5
3885    5
3886    5
3887    5
3888    5
3889    4
3890    4
3891    4
3892    4
3893    4
3894    4
3895    4
3896    4
3897    4
3898    4
3899    4
3900    4
3901    2
3902    2
3903    2
3904    2
3905    2
3906    2
3907    5
3908    5
3909    5
3910    5
3911    5
3912    5
3913    3
3914    3
3915    3
3916    3
3917    3
3918    3
3919    3
3920    3
3921    3
3922    3
3923    3
3924    3
3925    4
3926    4
3927    4
3928    4
3929    4
3930    4
3931    4
3932    4
3933    4
3934    4
3935    4
3936    4
3937    3
3938    3
3939    3
3940    3
3941    3
3942    3
3943    6
3944    6
3945    6
3946    6
3947    6
3948    6
3949    5
3950    5
3951    5
3952    5
3953    5
3954    5
3955    5
3956    5
3957    5
3958    5
3959    5
3960    5
3961    4
3962    4
3963    4
3964    4
3965    4
3966    4
3967    4
3968    4
3969    4
3970    4
3971    4
3972    4
3973    1
3974    1
3975    1
3976    1
3977    1
3978    1
3979    2
3980    2
3981    2
3982    2
3983    2
3984    2
3985    2
3986    2
3987    2
3988    2
3989    2
3990    2
3991    2
3992    2
3993    2
3994    2
3995    2
3996    2
3997    2
3998    2
3999    2
4000    2
4001    2
4002    2
4003    2
4004    2
4005    2
4006    2
4007    2
4008    2
4009    1
4010    1
4011    1
4012    1
4013    1
4014    1
4015    4
4016    4
4017    4
4018    4
4019    4
4020    4
4021    1
4022    1
4023    1
4024    1
4025    1
4026    1
4027    1
4028    1
4029    1
4030    1
4031    1
4032    1
4033    0
4034    0
4035    0
4036    0
4037    0
4038    0
4039    0
4040    0
4041    0
4042    0
4043    0
4044    0
4045    0
4046    0
4047    0
4048    0
4049    0
4050    0
4051    0
4052    0
4053    0
4054    0
4055    0
4056    0
4057    0
4058    0
4059    0
4060    0
4061    0
4062    0
4063    0
4064    0
4065    0
4066    0
4067    0
4068    0
4069    0
4070    0
4071    0
4072    0
4073    0
4074    0
4075    0
4076    0
4077    0
4078    0
4079    0
4080    0
4081    0
4082    0
4083    0
4084    0
4085    0
4086    0
4087    1
4088    1
4089    1
4090    1
4091    1
4092    1
4093    0
4094    0
4095    0
4096    0
4097    0
4098    0
4099    0
4100    0
4101    0
4102    0
4103    0
4104    0
4105    0
4106    0
4107    0
4108    0
4109    0
4110    0
4111    0
4112    0
4113    0
4114    0
4115    0
4116    0
4117    0
4118    0
4119    0
4120    0
4121    0
4122    0
4123    1
4124    1
4125    1
4126    1
4127    1
4128    1
4129    1
4130    1
4131    1
4132    1
4133    1
4134    1
4135    1
4136    1
4137    1
4138    1
4139    1
4140    1
4141    1
4142    1
4143    1
4144    1
4145    1
4146    1
4147    1
4148    1
4149    1
4150    1
4151    1
4152    1
4153    1
4154    1
4155    1
4156    1
4157    1
4158    1
4159    2
4160    2
4161    2
4162    2
4163    2
4164    2
4165    1
4166    1
4167    1
4168    1
4169    1
4170    1
4171    1
4172    1
4173    1
4174    1
4175    1
4176    1
4177    5
4178    5
4179    5
4180    5
4181    5
4182    5
4183    5
4184    5
4185    5
4186    5
4187    5
4188    5
4189    3
4190    3
4191    3
4192    3
4193    3
4194    3
4195    7
4196    7
4197    7
4198    7
4199    7
4200    7
4201    3
4202    3
4203    3
4204    3
4205    3
4206    3
4207    3
4208    3
4209    3
4210    3
4211    3
4212    3
4213    3
4214    3
4215    3
4216    3
4217    3
4218    3
4219    3
4220    3
4221    3
4222    3
4223    3
4224    3
4225    3
4226    3
4227    3
4228    3
4229    3
4230    3
4231    9
4232    9
4233    9
4234    9
4235    9
4236    9
4237    5
4238    5
4239    5
4240    5
4241    5
4242    5
4243    5
4244    5
4245    5
4246    5
4247    5
4248    5
4249    5
4250    5
4251    5
4252    5
4253    5
4254    5
4255    5
4256    5
4257    5
4258    5
4259    5
4260    5
4261    4
4262    4
4263    4
4264    4
4265    4
4266    4
4267    6
4268    6
4269    6
4270    6
4271    6
4272    6
4273    5
4274    5
4275    5
4276    5
4277    5
4278    5
4279    5
4280    5
4281    5
4282    5
4283    5
4284    5
4285    5
4286    5
4287    5
4288    5
4289    5
4290    5
4291    5
4292    5
4293    5
4294    5
4295    5
4296    5
4297    0
4298    0
4299    0
4300    0
4301    0
4302    0
4303    0
4304    0
4305    0
4306    0
4307    0
4308    0
4309    0
4310    0
4311    0
4312    0
4313    0
4314    0
4315    0
4316    0
4317    0
4318    0
4319    0
4320    0
4321    0
4322    0
4323    0
4324    0
4325    0
4326    0
4327    0
4328    0
4329    0
4330    0
4331    0
4332    0
4333    0
4334    0
4335    0
4336    0
4337    0
4338    0
4339    2
4340    2
4341    2
4342    2
4343    2
4344    2
4345    1
4346    1
4347    1
4348    1
4349    1
4350    1
4351    1
4352    1
4353    1
4354    1
4355    1
4356    1
4357    2
4358    2
4359    2
4360    2
4361    2
4362    2
4363    2
4364    2
4365    2
4366    2
4367    2
4368    2
4369    2
4370    2
4371    2
4372    2
4373    2
4374    2
4375    4
4376    4
4377    4
4378    4
4379    4
4380    4
4381    1
4382    1
4383    1
4384    1
4385    1
4386    1
4387    1
4388    1
4389    1
4390    1
4391    1
4392    1
4393    3
4394    3
4395    3
4396    3
4397    3
4398    3
4399    3
4400    3
4401    3
4402    3
4403    3
4404    3
4405    0
4406    0
4407    0
4408    0
4409    0
4410    0
4411    1
4412    1
4413    1
4414    1
4415    1
4416    1
4417    1
4418    1
4419    1
4420    1
4421    1
4422    1
4423    1
4424    1
4425    1
4426    1
4427    1
4428    1
4429    1
4430    1
4431    1
4432    1
4433    1
4434    1
4435    1
4436    1
4437    1
4438    1
4439    1
4440    1
4441    0
4442    0
4443    0
4444    0
4445    0
4446    0
4447    0
4448    0
4449    0
4450    0
4451    0
4452    0
4453    0
4454    0
4455    0
4456    0
4457    0
4458    0
4459    0
4460    0
4461    0
4462    0
4463    0
4464    0
4465    3
4466    3
4467    3
4468    3
4469    3
4470    3
4471    3
4472    3
4473    3
4474    3
4475    3
4476    3
4477    3
4478    3
4479    3
4480    3
4481    3
4482    3
4483    7
4484    7
4485    7
4486    7
4487    7
4488    7
4489    2
4490    2
4491    2
4492    2
4493    2
4494    2
4495    2
4496    2
4497    2
4498    2
4499    2
4500    2
4501    2
4502    2
4503    2
4504    2
4505    2
4506    2
4507    2
4508    2
4509    2
4510    2
4511    2
4512    2
4513    1
4514    1
4515    1
4516    1
4517    1
4518    1
4519    4
4520    4
4521    4
4522    4
4523    4
4524    4
4525    2
4526    2
4527    2
4528    2
4529    2
4530    2
4531    2
4532    2
4533    2
4534    2
4535    2
4536    2
4537    5
4538    5
4539    5
4540    5
4541    5
4542    5
4543    5
4544    5
4545    5
4546    5
4547    5
4548    5
4549    2
4550    2
4551    2
4552    2
4553    2
4554    2
4555    3
4556    3
4557    3
4558    3
4559    3
4560    3
4561    1
4562    1
4563    1
4564    1
4565    1
4566    1
4567    1
4568    1
4569    1
4570    1
4571    1
4572    1
4573    2
4574    2
4575    2
4576    2
4577    2
4578    2
4579    2
4580    2
4581    2
4582    2
4583    2
4584    2
4585    0
4586    0
4587    0
4588    0
4589    0
4590    0
4591    1
4592    1
4593    1
4594    1
4595    1
4596    1
4597    1
4598    1
4599    1
4600    1
4601    1
4602    1
4603    1
4604    1
4605    1
4606    1
4607    1
4608    1
4609    5
4610    5
4611    5
4612    5
4613    5
4614    5
4615    5
4616    5
4617    5
4618    5
4619    5
4620    5
4621    1
4622    1
4623    1
4624    1
4625    1
4626    1
4627    4
4628    4
4629    4
4630    4
4631    4
4632    4
4633    1
4634    1
4635    1
4636    1
4637    1
4638    1
4639    1
4640    1
4641    1
4642    1
4643    1
4644    1
4645    1
4646    1
4647    1
4648    1
4649    1
4650    1
4651    1
4652    1
4653    1
4654    1
4655    1
4656    1
4657    1
4658    1
4659    1
4660    1
4661    1
4662    1
4663    3
4664    3
4665    3
4666    3
4667    3
4668    3
4669    1
4670    1
4671    1
4672    1
4673    1
4674    1
4675    1
4676    1
4677    1
4678    1
4679    1
4680    1
4681    1
4682    1
4683    1
4684    1
4685    1
4686    1
4687    1
4688    1
4689    1
4690    1
4691    1
4692    1
4693    1
4694    1
4695    1
4696    1
4697    1
4698    1
4699    1
4700    1
4701    1
4702    1
4703    1
4704    1
4705    1
4706    1
4707    1
4708    1
4709    1
4710    1
4711    1
4712    1
4713    1
4714    1
4715    1
4716    1
4717    1
4718    1
4719    1
4720    1
4721    1
4722    1
4723    1
4724    1
4725    1
4726    1
4727    1
4728    1
4729    1
4730    1
4731    1
4732    1
4733    1
4734    1
4735    2
4736    2
4737    2
4738    2
4739    2
4740    2
4741    2
4742    2
4743    2
4744    2
4745    2
4746    2
4747    2
4748    2
4749    2
4750    2
4751    2
4752    2
4753    2
4754    2
4755    2
4756    2
4757    2
4758    2
4759    2
4760    2
4761    2
4762    2
4763    2
4764    2
4765    1
4766    1
4767    1
4768    1
4769    1
4770    1
4771    2
4772    2
4773    2
4774    2
4775    2
4776    2
4777    2
4778    2
4779    2
4780    2
4781    2
4782    2
4783    2
4784    2
4785    2
4786    2
4787    2
4788    2
4789    2
4790    2
4791    2
4792    2
4793    2
4794    2
4795    2
4796    2
4797    2
4798    2
4799    2
4800    2
4801    1
4802    1
4803    1
4804    1
4805    1
4806    1
4807    3
4808    3
4809    3
4810    3
4811    3
4812    3
4813    1
4814    1
4815    1
4816    1
4817    1
4818    1
4819    1
4820    1
4821    1
4822    1
4823    1
4824    1
4825    2
4826    2
4827    2
4828    2
4829    2
4830    2
4831    2
4832    2
4833    2
4834    2
4835    2
4836    2
4837    2
4838    2
4839    2
4840    2
4841    2
4842    2
4843    2
4844    2
4845    2
4846    2
4847    2
4848    2
4849    0
4850    0
4851    0
4852    0
4853    0
4854    0
4855    0
4856    0
4857    0
4858    0
4859    0
4860    0
4861    2
4862    2
4863    2
4864    2
4865    2
4866    2
4867    2
4868    2
4869    2
4870    2
4871    2
4872    2
4873    0
4874    0
4875    0
4876    0
4877    0
4878    0
4879    2
4880    2
4881    2
4882    2
4883    2
4884    2
4885    1
4886    1
4887    1
4888    1
4889    1
4890    1
4891    1
4892    1
4893    1
4894    1
4895    1
4896    1
4897    2
4898    2
4899    2
4900    2
4901    2
4902    2
4903    2
4904    2
4905    2
4906    2
4907    2
4908    2
4909    1
4910    1
4911    1
4912    1
4913    1
4914    1
4915    1
4916    1
4917    1
4918    1
4919    1
4920    1
4921    1
4922    1
4923    1
4924    1
4925    1
4926    1
4927    1
4928    1
4929    1
4930    1
4931    1
4932    1
4933    0
4934    0
4935    0
4936    0
4937    0
4938    0
4939    0
4940    0
4941    0
4942    0
4943    0
4944    0
4945    0
4946    0
4947    0
4948    0
4949    0
4950    0
4951    1
4952    1
4953    1
4954    1
4955    1
4956    1
4957    1
4958    1
4959    1
4960    1
4961    1
4962    1
4963    1
4964    1
4965    1
4966    1
4967    1
4968    1
4969    1
4970    1
4971    1
4972    1
4973    1
4974    1
4975    1
4976    1
4977    1
4978    1
4979    1
4980    1
4981    0
4982    0
4983    0
4984    0
4985    0
4986    0
4987    0
4988    0
4989    0
4990    0
4991    0
4992    0
4993    0
4994    0
4995    0
4996    0
4997    0
4998    0
4999    0
5000    0
