1    0
2    0
3    0
4    0
5    0
6    0
7    0
8    0
9    0
10    0
11    0
12    0
13    0
14    0
15    0
16    0
17    0
18    0
19    0
20    0
21    0
22    0
23    0
24    0
25    0
26    0
27    0
28    0
29    0
30    0
31    0
32    0
33    0
34    0
35    0
36    0
37    2
38    2
39    2
40    2
41    2
42    2
43    2
44    2
45    2
46    2
47    2
48    2
49    2
50    2
51    2
52    2
53    2
54    2
55    9
56    9
57    9
58    9
59    9
60    9
61    9
62    9
63    9
64    9
65    9
66    9
67    9
68    9
69    9
70    9
71    9
72    9
73    19
74    19
75    19
76    19
77    19
78    19
79    19
80    19
81    19
82    19
83    19
84    19
85    19
86    19
87    19
88    19
89    19
90    19
91    28
92    28
93    28
94    28
95    28
96    28
97    28
98    28
99    28
100    28
101    28
102    28
103    28
104    28
105    28
106    28
107    28
108    28
109    50
110    50
111    50
112    50
113    50
114    50
115    50
116    50
117    50
118    50
119    50
120    50
121    50
122    50
123    50
124    50
125    50
126    50
127    51
128    51
129    51
130    51
131    51
132    51
133    51
134    51
135    51
136    51
137    51
138    51
139    51
140    51
141    51
142    51
143    51
144    51
145    69
146    69
147    69
148    69
149    69
150    69
151    69
152    69
153    69
154    69
155    69
156    69
157    69
158    69
159    69
160    69
161    69
162    69
163    86
164    86
165    86
166    86
167    86
168    86
169    86
170    86
171    86
172    86
173    86
174    86
175    86
176    86
177    86
178    86
179    86
180    86
181    108
182    108
183    108
184    108
185    108
186    108
187    108
188    108
189    108
190    108
191    108
192    108
193    108
194    108
195    108
196    108
197    108
198    108
199    136
200    136
201    136
202    136
203    136
204    136
205    136
206    136
207    136
208    136
209    136
210    136
211    136
212    136
213    136
214    136
215    136
216    136
217    161
218    161
219    161
220    161
221    161
222    161
223    161
224    161
225    161
226    161
227    161
228    161
229    161
230    161
231    161
232    161
233    161
234    161
235    174
236    174
237    174
238    174
239    174
240    174
241    174
242    174
243    174
244    174
245    174
246    174
247    174
248    174
249    174
250    174
251    174
252    174
253    187
254    187
255    187
256    187
257    187
258    187
259    187
260    187
261    187
262    187
263    187
264    187
265    187
266    187
267    187
268    187
269    187
270    187
271    218
272    218
273    218
274    218
275    218
276    218
277    218
278    218
279    218
280    218
281    218
282    218
283    218
284    218
285    218
286    218
287    218
288    218
289    243
290    243
291    243
292    243
293    243
294    243
295    243
296    243
297    243
298    243
299    243
300    243
301    243
302    243
303    243
304    243
305    243
306    243
307    259
308    259
309    259
310    259
311    259
312    259
313    259
314    259
315    259
316    259
317    259
318    259
319    259
320    259
321    259
322    259
323    259
324    259
325    286
326    286
327    286
328    286
329    286
330    286
331    286
332    286
333    286
334    286
335    286
336    286
337    286
338    286
339    286
340    286
341    286
342    286
343    311
344    311
345    311
346    311
347    311
348    311
349    311
350    311
351    311
352    311
353    311
354    311
355    311
356    311
357    311
358    311
359    311
360    311
361    314
362    314
363    314
364    314
365    314
366    314
367    314
368    314
369    314
370    314
371    314
372    314
373    314
374    314
375    314
376    314
377    314
378    314
379    337
380    337
381    337
382    337
383    337
384    337
385    337
386    337
387    337
388    337
389    337
390    337
391    337
392    337
393    337
394    337
395    337
396    337
397    363
398    363
399    363
400    363
401    363
402    363
403    363
404    363
405    363
406    363
407    363
408    363
409    363
410    363
411    363
412    363
413    363
414    363
415    391
416    391
417    391
418    391
419    391
420    391
421    391
422    391
423    391
424    391
425    391
426    391
427    391
428    391
429    391
430    391
431    391
432    391
433    417
434    417
435    417
436    417
437    417
438    417
439    417
440    417
441    417
442    417
443    417
444    417
445    417
446    417
447    417
448    417
449    417
450    417
451    437
452    437
453    437
454    437
455    437
456    437
457    437
458    437
459    437
460    437
461    437
462    437
463    437
464    437
465    437
466    437
467    437
468    437
469    478
470    478
471    478
472    478
473    478
474    478
475    478
476    478
477    478
478    478
479    478
480    478
481    478
482    478
483    478
484    478
485    478
486    478
487    516
488    516
489    516
490    516
491    516
492    516
493    516
494    516
495    516
496    516
497    516
498    516
499    516
500    516
501    516
502    516
503    516
504    516
505    554
506    554
507    554
508    554
509    554
510    554
511    554
512    554
513    554
514    554
515    554
516    554
517    554
518    554
519    554
520    554
521    554
522    554
523    552
524    552
525    552
526    552
527    552
528    552
529    552
530    552
531    552
532    552
533    552
534    552
535    552
536    552
537    552
538    552
539    552
540    552
541    583
542    583
543    583
544    583
545    583
546    583
547    583
548    583
549    583
550    583
551    583
552    583
553    583
554    583
555    583
556    583
557    583
558    583
559    612
560    612
561    612
562    612
563    612
564    612
565    612
566    612
567    612
568    612
569    612
570    612
571    612
572    612
573    612
574    612
575    612
576    612
577    624
578    624
579    624
580    624
581    624
582    624
583    624
584    624
585    624
586    624
587    624
588    624
589    624
590    624
591    624
592    624
593    624
594    624
595    640
596    640
597    640
598    640
599    640
600    640
601    640
602    640
603    640
604    640
605    640
606    640
607    640
608    640
609    640
610    640
611    640
612    640
613    657
614    657
615    657
616    657
617    657
618    657
619    657
620    657
621    657
622    657
623    657
624    657
625    657
626    657
627    657
628    657
629    657
630    657
631    680
632    680
633    680
634    680
635    680
636    680
637    680
638    680
639    680
640    680
641    680
642    680
643    680
644    680
645    680
646    680
647    680
648    680
649    689
650    689
651    689
652    689
653    689
654    689
655    689
656    689
657    689
658    689
659    689
660    689
661    689
662    689
663    689
664    689
665    689
666    689
667    696
668    696
669    696
670    696
671    696
672    696
673    696
674    696
675    696
676    696
677    696
678    696
679    696
680    696
681    696
682    696
683    696
684    696
685    727
686    727
687    727
688    727
689    727
690    727
691    727
692    727
693    727
694    727
695    727
696    727
697    727
698    727
699    727
700    727
701    727
702    727
703    741
704    741
705    741
706    741
707    741
708    741
709    741
710    741
711    741
712    741
713    741
714    741
715    741
716    741
717    741
718    741
719    741
720    741
721    739
722    739
723    739
724    739
725    739
726    739
727    739
728    739
729    739
730    739
731    739
732    739
733    739
734    739
735    739
736    739
737    739
738    739
739    737
740    737
741    737
742    737
743    737
744    737
745    737
746    737
747    737
748    737
749    737
750    737
751    737
752    737
753    737
754    737
755    737
756    737
757    705
758    705
759    705
760    705
761    705
762    705
763    705
764    705
765    705
766    705
767    705
768    705
769    705
770    705
771    705
772    705
773    705
774    705
775    690
776    690
777    690
778    690
779    690
780    690
781    690
782    690
783    690
784    690
785    690
786    690
787    690
788    690
789    690
790    690
791    690
792    690
793    662
794    662
795    662
796    662
797    662
798    662
799    662
800    662
801    662
802    662
803    662
804    662
805    662
806    662
807    662
808    662
809    662
810    662
811    676
812    676
813    676
814    676
815    676
816    676
817    676
818    676
819    676
820    676
821    676
822    676
823    676
824    676
825    676
826    676
827    676
828    676
829    697
830    697
831    697
832    697
833    697
834    697
835    697
836    697
837    697
838    697
839    697
840    697
841    697
842    697
843    697
844    697
845    697
846    697
847    708
848    708
849    708
850    708
851    708
852    708
853    708
854    708
855    708
856    708
857    708
858    708
859    708
860    708
861    708
862    708
863    708
864    708
865    731
866    731
867    731
868    731
869    731
870    731
871    731
872    731
873    731
874    731
875    731
876    731
877    731
878    731
879    731
880    731
881    731
882    731
883    782
884    782
885    782
886    782
887    782
888    782
889    782
890    782
891    782
892    782
893    782
894    782
895    782
896    782
897    782
898    782
899    782
900    782
901    792
902    792
903    792
904    792
905    792
906    792
907    792
908    792
909    792
910    792
911    792
912    792
913    792
914    792
915    792
916    792
917    792
918    792
919    783
920    783
921    783
922    783
923    783
924    783
925    783
926    783
927    783
928    783
929    783
930    783
931    783
932    783
933    783
934    783
935    783
936    783
937    784
938    784
939    784
940    784
941    784
942    784
943    784
944    784
945    784
946    784
947    784
948    784
949    784
950    784
951    784
952    784
953    784
954    784
955    775
956    775
957    775
958    775
959    775
960    775
961    775
962    775
963    775
964    775
965    775
966    775
967    775
968    775
969    775
970    775
971    775
972    775
973    759
974    759
975    759
976    759
977    759
978    759
979    759
980    759
981    759
982    759
983    759
984    759
985    759
986    759
987    759
988    759
989    759
990    759
991    759
992    759
993    759
994    759
995    759
996    759
997    759
998    759
999    759
1000    759
1001    759
1002    759
1003    759
1004    759
1005    759
1006    759
1007    759
1008    759
1009    755
1010    755
1011    755
1012    755
1013    755
1014    755
1015    755
1016    755
1017    755
1018    755
1019    755
1020    755
1021    755
1022    755
1023    755
1024    755
1025    755
1026    755
1027    757
1028    757
1029    757
1030    757
1031    757
1032    757
1033    757
1034    757
1035    757
1036    757
1037    757
1038    757
1039    757
1040    757
1041    757
1042    757
1043    757
1044    757
1045    757
1046    757
1047    757
1048    757
1049    757
1050    757
1051    757
1052    757
1053    757
1054    757
1055    757
1056    757
1057    757
1058    757
1059    757
1060    757
1061    757
1062    757
1063    760
1064    760
1065    760
1066    760
1067    760
1068    760
1069    760
1070    760
1071    760
1072    760
1073    760
1074    760
1075    760
1076    760
1077    760
1078    760
1079    760
1080    760
1081    774
1082    774
1083    774
1084    774
1085    774
1086    774
1087    774
1088    774
1089    774
1090    774
1091    774
1092    774
1093    773
1094    773
1095    773
1096    773
1097    773
1098    773
1099    765
1100    765
1101    765
1102    765
1103    765
1104    765
1105    764
1106    764
1107    764
1108    764
1109    764
1110    764
1111    764
1112    764
1113    764
1114    764
1115    764
1116    764
1117    785
1118    785
1119    785
1120    785
1121    785
1122    785
1123    785
1124    785
1125    785
1126    785
1127    785
1128    785
1129    785
1130    785
1131    785
1132    785
1133    785
1134    785
1135    806
1136    806
1137    806
1138    806
1139    806
1140    806
1141    806
1142    806
1143    806
1144    806
1145    806
1146    806
1147    806
1148    806
1149    806
1150    806
1151    806
1152    806
1153    822
1154    822
1155    822
1156    822
1157    822
1158    822
1159    822
1160    822
1161    822
1162    822
1163    822
1164    822
1165    822
1166    822
1167    822
1168    822
1169    822
1170    822
1171    799
1172    799
1173    799
1174    799
1175    799
1176    799
1177    798
1178    798
1179    798
1180    798
1181    798
1182    798
1183    798
1184    798
1185    798
1186    798
1187    798
1188    798
1189    779
1190    779
1191    779
1192    779
1193    779
1194    779
1195    779
1196    779
1197    779
1198    779
1199    779
1200    779
1201    779
1202    779
1203    779
1204    779
1205    779
1206    779
1207    782
1208    782
1209    782
1210    782
1211    782
1212    782
1213    781
1214    781
1215    781
1216    781
1217    781
1218    781
1219    781
1220    781
1221    781
1222    781
1223    781
1224    781
1225    782
1226    782
1227    782
1228    782
1229    782
1230    782
1231    782
1232    782
1233    782
1234    782
1235    782
1236    782
1237    780
1238    780
1239    780
1240    780
1241    780
1242    780
1243    785
1244    785
1245    785
1246    785
1247    785
1248    785
1249    784
1250    784
1251    784
1252    784
1253    784
1254    784
1255    784
1256    784
1257    784
1258    784
1259    784
1260    784
1261    788
1262    788
1263    788
1264    788
1265    788
1266    788
1267    788
1268    788
1269    788
1270    788
1271    788
1272    788
1273    787
1274    787
1275    787
1276    787
1277    787
1278    787
1279    805
1280    805
1281    805
1282    805
1283    805
1284    805
1285    805
1286    805
1287    805
1288    805
1289    805
1290    805
1291    805
1292    805
1293    805
1294    805
1295    805
1296    805
1297    836
1298    836
1299    836
1300    836
1301    836
1302    836
1303    836
1304    836
1305    836
1306    836
1307    836
1308    836
1309    833
1310    833
1311    833
1312    833
1313    833
1314    833
1315    849
1316    849
1317    849
1318    849
1319    849
1320    849
1321    847
1322    847
1323    847
1324    847
1325    847
1326    847
1327    847
1328    847
1329    847
1330    847
1331    847
1332    847
1333    875
1334    875
1335    875
1336    875
1337    875
1338    875
1339    875
1340    875
1341    875
1342    875
1343    875
1344    875
1345    872
1346    872
1347    872
1348    872
1349    872
1350    872
1351    893
1352    893
1353    893
1354    893
1355    893
1356    893
1357    891
1358    891
1359    891
1360    891
1361    891
1362    891
1363    891
1364    891
1365    891
1366    891
1367    891
1368    891
1369    914
1370    914
1371    914
1372    914
1373    914
1374    914
1375    914
1376    914
1377    914
1378    914
1379    914
1380    914
1381    908
1382    908
1383    908
1384    908
1385    908
1386    908
1387    913
1388    913
1389    913
1390    913
1391    913
1392    913
1393    904
1394    904
1395    904
1396    904
1397    904
1398    904
1399    904
1400    904
1401    904
1402    904
1403    904
1404    904
1405    947
1406    947
1407    947
1408    947
1409    947
1410    947
1411    947
1412    947
1413    947
1414    947
1415    947
1416    947
1417    929
1418    929
1419    929
1420    929
1421    929
1422    929
1423    953
1424    953
1425    953
1426    953
1427    953
1428    953
1429    945
1430    945
1431    945
1432    945
1433    945
1434    945
1435    945
1436    945
1437    945
1438    945
1439    945
1440    945
1441    954
1442    954
1443    954
1444    954
1445    954
1446    954
1447    954
1448    954
1449    954
1450    954
1451    954
1452    954
1453    934
1454    934
1455    934
1456    934
1457    934
1458    934
1459    935
1460    935
1461    935
1462    935
1463    935
1464    935
1465    914
1466    914
1467    914
1468    914
1469    914
1470    914
1471    914
1472    914
1473    914
1474    914
1475    914
1476    914
1477    886
1478    886
1479    886
1480    886
1481    886
1482    886
1483    886
1484    886
1485    886
1486    886
1487    886
1488    886
1489    850
1490    850
1491    850
1492    850
1493    850
1494    850
1495    890
1496    890
1497    890
1498    890
1499    890
1500    890
1501    865
1502    865
1503    865
1504    865
1505    865
1506    865
1507    865
1508    865
1509    865
1510    865
1511    865
1512    865
1513    861
1514    861
1515    861
1516    861
1517    861
1518    861
1519    861
1520    861
1521    861
1522    861
1523    861
1524    861
1525    821
1526    821
1527    821
1528    821
1529    821
1530    821
1531    860
1532    860
1533    860
1534    860
1535    860
1536    860
1537    824
1538    824
1539    824
1540    824
1541    824
1542    824
1543    824
1544    824
1545    824
1546    824
1547    824
1548    824
1549    822
1550    822
1551    822
1552    822
1553    822
1554    822
1555    822
1556    822
1557    822
1558    822
1559    822
1560    822
1561    767
1562    767
1563    767
1564    767
1565    767
1566    767
1567    795
1568    795
1569    795
1570    795
1571    795
1572    795
1573    740
1574    740
1575    740
1576    740
1577    740
1578    740
1579    740
1580    740
1581    740
1582    740
1583    740
1584    740
1585    716
1586    716
1587    716
1588    716
1589    716
1590    716
1591    716
1592    716
1593    716
1594    716
1595    716
1596    716
1597    643
1598    643
1599    643
1600    643
1601    643
1602    643
1603    721
1604    721
1605    721
1606    721
1607    721
1608    721
1609    643
1610    643
1611    643
1612    643
1613    643
1614    643
1615    643
1616    643
1617    643
1618    643
1619    643
1620    643
1621    661
1622    661
1623    661
1624    661
1625    661
1626    661
1627    661
1628    661
1629    661
1630    661
1631    661
1632    661
1633    549
1634    549
1635    549
1636    549
1637    549
1638    549
1639    678
1640    678
1641    678
1642    678
1643    678
1644    678
1645    569
1646    569
1647    569
1648    569
1649    569
1650    569
1651    569
1652    569
1653    569
1654    569
1655    569
1656    569
1657    548
1658    548
1659    548
1660    548
1661    548
1662    548
1663    548
1664    548
1665    548
1666    548
1667    548
1668    548
1669    435
1670    435
1671    435
1672    435
1673    435
1674    435
1675    579
1676    579
1677    579
1678    579
1679    579
1680    579
1681    439
1682    439
1683    439
1684    439
1685    439
1686    439
1687    439
1688    439
1689    439
1690    439
1691    439
1692    439
1693    442
1694    442
1695    442
1696    442
1697    442
1698    442
1699    442
1700    442
1701    442
1702    442
1703    442
1704    442
1705    310
1706    310
1707    310
1708    310
1709    310
1710    310
1711    426
1712    426
1713    426
1714    426
1715    426
1716    426
1717    306
1718    306
1719    306
1720    306
1721    306
1722    306
1723    306
1724    306
1725    306
1726    306
1727    306
1728    306
1729    285
1730    285
1731    285
1732    285
1733    285
1734    285
1735    285
1736    285
1737    285
1738    285
1739    285
1740    285
1741    188
1742    188
1743    188
1744    188
1745    188
1746    188
1747    268
1748    268
1749    268
1750    268
1751    268
1752    268
1753    184
1754    184
1755    184
1756    184
1757    184
1758    184
1759    184
1760    184
1761    184
1762    184
1763    184
1764    184
1765    182
1766    182
1767    182
1768    182
1769    182
1770    182
1771    182
1772    182
1773    182
1774    182
1775    182
1776    182
1777    106
1778    106
1779    106
1780    106
1781    106
1782    106
1783    172
1784    172
1785    172
1786    172
1787    172
1788    172
1789    116
1790    116
1791    116
1792    116
1793    116
1794    116
1795    116
1796    116
1797    116
1798    116
1799    116
1800    116
1801    113
1802    113
1803    113
1804    113
1805    113
1806    113
1807    113
1808    113
1809    113
1810    113
1811    113
1812    113
1813    67
1814    67
1815    67
1816    67
1817    67
1818    67
1819    121
1820    121
1821    121
1822    121
1823    121
1824    121
1825    76
1826    76
1827    76
1828    76
1829    76
1830    76
1831    76
1832    76
1833    76
1834    76
1835    76
1836    76
1837    76
1838    76
1839    76
1840    76
1841    76
1842    76
1843    76
1844    76
1845    76
1846    76
1847    76
1848    76
1849    34
1850    34
1851    34
1852    34
1853    34
1854    34
1855    63
1856    63
1857    63
1858    63
1859    63
1860    63
1861    33
1862    33
1863    33
1864    33
1865    33
1866    33
1867    33
1868    33
1869    33
1870    33
1871    33
1872    33
1873    30
1874    30
1875    30
1876    30
1877    30
1878    30
1879    30
1880    30
1881    30
1882    30
1883    30
1884    30
1885    16
1886    16
1887    16
1888    16
1889    16
1890    16
1891    29
1892    29
1893    29
1894    29
1895    29
1896    29
1897    16
1898    16
1899    16
1900    16
1901    16
1902    16
1903    16
1904    16
1905    16
1906    16
1907    16
1908    16
1909    21
1910    21
1911    21
1912    21
1913    21
1914    21
1915    21
1916    21
1917    21
1918    21
1919    21
1920    21
1921    13
1922    13
1923    13
1924    13
1925    13
1926    13
1927    22
1928    22
1929    22
1930    22
1931    22
1932    22
1933    12
1934    12
1935    12
1936    12
1937    12
1938    12
1939    12
1940    12
1941    12
1942    12
1943    12
1944    12
1945    18
1946    18
1947    18
1948    18
1949    18
1950    18
1951    18
1952    18
1953    18
1954    18
1955    18
1956    18
1957    10
1958    10
1959    10
1960    10
1961    10
1962    10
1963    13
1964    13
1965    13
1966    13
1967    13
1968    13
1969    7
1970    7
1971    7
1972    7
1973    7
1974    7
1975    7
1976    7
1977    7
1978    7
1979    7
1980    7
1981    9
1982    9
1983    9
1984    9
1985    9
1986    9
1987    9
1988    9
1989    9
1990    9
1991    9
1992    9
1993    3
1994    3
1995    3
1996    3
1997    3
1998    3
1999    6
2000    6
2001    6
2002    6
2003    6
2004    6
2005    4
2006    4
2007    4
2008    4
2009    4
2010    4
2011    4
2012    4
2013    4
2014    4
2015    4
2016    4
2017    6
2018    6
2019    6
2020    6
2021    6
2022    6
2023    6
2024    6
2025    6
2026    6
2027    6
2028    6
2029    3
2030    3
2031    3
2032    3
2033    3
2034    3
2035    5
2036    5
2037    5
2038    5
2039    5
2040    5
2041    2
2042    2
2043    2
2044    2
2045    2
2046    2
2047    2
2048    2
2049    2
2050    2
2051    2
2052    2
2053    2
2054    2
2055    2
2056    2
2057    2
2058    2
2059    2
2060    2
2061    2
2062    2
2063    2
2064    2
2065    0
2066    0
2067    0
2068    0
2069    0
2070    0
2071    1
2072    1
2073    1
2074    1
2075    1
2076    1
2077    1
2078    1
2079    1
2080    1
2081    1
2082    1
2083    1
2084    1
2085    1
2086    1
2087    1
2088    1
2089    0
2090    0
2091    0
2092    0
2093    0
2094    0
2095    0
2096    0
2097    0
2098    0
2099    0
2100    0
2101    0
2102    0
2103    0
2104    0
2105    0
2106    0
2107    1
2108    1
2109    1
2110    1
2111    1
2112    1
2113    0
2114    0
2115    0
2116    0
2117    0
2118    0
2119    0
2120    0
2121    0
2122    0
2123    0
2124    0
2125    0
2126    0
2127    0
2128    0
2129    0
2130    0
2131    0
2132    0
2133    0
2134    0
2135    0
2136    0
2137    0
2138    0
2139    0
2140    0
2141    0
2142    0
2143    0
2144    0
2145    0
2146    0
2147    0
2148    0
2149    0
2150    0
2151    0
2152    0
2153    0
2154    0
2155    0
2156    0
2157    0
2158    0
2159    0
2160    0
2161    0
2162    0
2163    0
2164    0
2165    0
2166    0
2167    0
2168    0
2169    0
2170    0
2171    0
2172    0
2173    0
2174    0
2175    0
2176    0
2177    0
2178    0
2179    0
2180    0
2181    0
2182    0
2183    0
2184    0
2185    0
2186    0
2187    0
2188    0
2189    0
2190    0
2191    0
2192    0
2193    0
2194    0
2195    0
2196    0
2197    0
2198    0
2199    0
2200    0
2201    0
2202    0
2203    0
2204    0
2205    0
2206    0
2207    0
2208    0
2209    0
2210    0
2211    0
2212    0
2213    0
2214    0
2215    0
2216    0
2217    0
2218    0
2219    0
2220    0
2221    0
2222    0
2223    0
2224    0
2225    0
2226    0
2227    0
2228    0
2229    0
2230    0
2231    0
2232    0
2233    0
2234    0
2235    0
2236    0
2237    0
2238    0
2239    0
2240    0
2241    0
2242    0
2243    0
2244    0
2245    0
2246    0
2247    0
2248    0
2249    0
2250    0
2251    0
2252    0
2253    0
2254    0
2255    0
2256    0
2257    0
2258    0
2259    0
2260    0
2261    0
2262    0
2263    0
2264    0
2265    0
2266    0
2267    0
2268    0
2269    0
2270    0
2271    0
2272    0
2273    0
2274    0
2275    0
2276    0
2277    0
2278    0
2279    0
2280    0
2281    0
2282    0
2283    0
2284    0
2285    0
2286    0
2287    0
2288    0
2289    0
2290    0
2291    0
2292    0
2293    0
2294    0
2295    0
2296    0
2297    0
2298    0
2299    0
2300    0
2301    0
2302    0
2303    0
2304    0
2305    0
2306    0
2307    0
2308    0
2309    0
2310    0
2311    0
2312    0
2313    0
2314    0
2315    0
2316    0
2317    0
2318    0
2319    0
2320    0
2321    0
2322    0
2323    0
2324    0
2325    0
2326    0
2327    0
2328    0
2329    0
2330    0
2331    0
2332    0
2333    0
2334    0
2335    0
2336    0
2337    0
2338    0
2339    0
2340    0
2341    0
2342    0
2343    0
2344    0
2345    0
2346    0
2347    0
2348    0
2349    0
2350    0
2351    0
2352    0
2353    0
2354    0
2355    0
2356    0
2357    0
2358    0
2359    0
2360    0
2361    0
2362    0
2363    0
2364    0
2365    0
2366    0
2367    0
2368    0
2369    0
2370    0
2371    0
2372    0
2373    0
2374    0
2375    0
2376    0
2377    0
2378    0
2379    0
2380    0
2381    0
2382    0
2383    0
2384    0
2385    0
2386    0
2387    0
2388    0
2389    0
2390    0
2391    0
2392    0
2393    0
2394    0
2395    0
2396    0
2397    0
2398    0
2399    0
2400    0
2401    0
2402    0
2403    0
2404    0
2405    0
2406    0
2407    0
2408    0
2409    0
2410    0
2411    0
2412    0
2413    0
2414    0
2415    0
2416    0
2417    0
2418    0
2419    0
2420    0
2421    0
2422    0
2423    0
2424    0
2425    0
2426    0
2427    0
2428    0
2429    0
2430    0
2431    0
2432    0
2433    0
2434    0
2435    0
2436    0
2437    0
2438    0
2439    0
2440    0
2441    0
2442    0
2443    0
2444    0
2445    0
2446    0
2447    0
2448    0
2449    0
2450    0
2451    0
2452    0
2453    0
2454    0
2455    0
2456    0
2457    0
2458    0
2459    0
2460    0
2461    0
2462    0
2463    0
2464    0
2465    0
2466    0
2467    0
2468    0
2469    0
2470    0
2471    0
2472    0
2473    0
2474    0
2475    0
2476    0
2477    0
2478    0
2479    0
2480    0
2481    0
2482    0
2483    0
2484    0
2485    0
2486    0
2487    0
2488    0
2489    0
2490    0
2491    0
2492    0
2493    0
2494    0
2495    0
2496    0
2497    0
2498    0
2499    0
2500    0
2501    0
2502    0
2503    0
2504    0
2505    0
2506    0
2507    0
2508    0
2509    0
2510    0
2511    0
2512    0
2513    0
2514    0
2515    0
2516    0
2517    0
2518    0
2519    0
2520    0
2521    0
2522    0
2523    0
2524    0
2525    0
2526    0
2527    0
2528    0
2529    0
2530    0
2531    0
2532    0
2533    0
2534    0
2535    0
2536    0
2537    0
2538    0
2539    0
2540    0
2541    0
2542    0
2543    0
2544    0
2545    0
2546    0
2547    0
2548    0
2549    0
2550    0
2551    0
2552    0
2553    0
2554    0
2555    0
2556    0
2557    0
2558    0
2559    0
2560    0
2561    0
2562    0
2563    0
2564    0
2565    0
2566    0
2567    0
2568    0
2569    0
2570    0
2571    0
2572    0
2573    0
2574    0
2575    0
2576    0
2577    0
2578    0
2579    0
2580    0
2581    0
2582    0
2583    0
2584    0
2585    0
2586    0
2587    0
2588    0
2589    0
2590    0
2591    0
2592    0
2593    0
2594    0
2595    0
2596    0
2597    0
2598    0
2599    0
2600    0
2601    0
2602    0
2603    0
2604    0
2605    0
2606    0
2607    0
2608    0
2609    0
2610    0
2611    0
2612    0
2613    0
2614    0
2615    0
2616    0
2617    0
2618    0
2619    0
2620    0
2621    0
2622    0
2623    0
2624    0
2625    0
2626    0
2627    0
2628    0
2629    0
2630    0
2631    0
2632    0
2633    0
2634    0
2635    0
2636    0
2637    0
2638    0
2639    0
2640    0
2641    0
2642    0
2643    0
2644    0
2645    0
2646    0
2647    0
2648    0
2649    0
2650    0
2651    0
2652    0
2653    0
2654    0
2655    0
2656    0
2657    0
2658    0
2659    0
2660    0
2661    0
2662    0
2663    0
2664    0
2665    0
2666    0
2667    0
2668    0
2669    0
2670    0
2671    0
2672    0
2673    0
2674    0
2675    0
2676    0
2677    0
2678    0
2679    0
2680    0
2681    0
2682    0
2683    0
2684    0
2685    0
2686    0
2687    0
2688    0
2689    0
2690    0
2691    0
2692    0
2693    0
2694    0
2695    0
2696    0
2697    0
2698    0
2699    0
2700    0
2701    0
2702    0
2703    0
2704    0
2705    0
2706    0
2707    0
2708    0
2709    0
2710    0
2711    0
2712    0
2713    0
2714    0
2715    0
2716    0
2717    0
2718    0
2719    0
2720    0
2721    0
2722    0
2723    0
2724    0
2725    0
2726    0
2727    0
2728    0
2729    0
2730    0
2731    0
2732    0
2733    0
2734    0
2735    0
2736    0
2737    0
2738    0
2739    0
2740    0
2741    0
2742    0
2743    0
2744    0
2745    0
2746    0
2747    0
2748    0
2749    0
2750    0
2751    0
2752    0
2753    0
2754    0
2755    0
2756    0
2757    0
2758    0
2759    0
2760    0
2761    0
2762    0
2763    0
2764    0
2765    0
2766    0
2767    0
2768    0
2769    0
2770    0
2771    0
2772    0
2773    0
2774    0
2775    0
2776    0
2777    0
2778    0
2779    0
2780    0
2781    0
2782    0
2783    0
2784    0
2785    0
2786    0
2787    0
2788    0
2789    0
2790    0
2791    0
2792    0
2793    0
2794    0
2795    0
2796    0
2797    0
2798    0
2799    0
2800    0
2801    0
2802    0
2803    0
2804    0
2805    0
2806    0
2807    0
2808    0
2809    0
2810    0
2811    0
2812    0
2813    0
2814    0
2815    0
2816    0
2817    0
2818    0
2819    0
2820    0
2821    0
2822    0
2823    0
2824    0
2825    0
2826    0
2827    0
2828    0
2829    0
2830    0
2831    0
2832    0
2833    0
2834    0
2835    0
2836    0
2837    0
2838    0
2839    0
2840    0
2841    0
2842    0
2843    0
2844    0
2845    0
2846    0
2847    0
2848    0
2849    0
2850    0
2851    0
2852    0
2853    0
2854    0
2855    0
2856    0
2857    0
2858    0
2859    0
2860    0
2861    0
2862    0
2863    0
2864    0
2865    0
2866    0
2867    0
2868    0
2869    0
2870    0
2871    0
2872    0
2873    0
2874    0
2875    0
2876    0
2877    0
2878    0
2879    0
2880    0
2881    0
2882    0
2883    0
2884    0
2885    0
2886    0
2887    0
2888    0
2889    0
2890    0
2891    0
2892    0
2893    0
2894    0
2895    0
2896    0
2897    0
2898    0
2899    0
2900    0
2901    0
2902    0
2903    0
2904    0
2905    0
2906    0
2907    0
2908    0
2909    0
2910    0
2911    0
2912    0
2913    0
2914    0
2915    0
2916    0
2917    0
2918    0
2919    0
2920    0
2921    0
2922    0
2923    0
2924    0
2925    0
2926    0
2927    0
2928    0
2929    0
2930    0
2931    0
2932    0
2933    0
2934    0
2935    0
2936    0
2937    0
2938    0
2939    0
2940    0
2941    0
2942    0
2943    0
2944    0
2945    0
2946    0
2947    0
2948    0
2949    0
2950    0
2951    0
2952    0
2953    0
2954    0
2955    0
2956    0
2957    0
2958    0
2959    0
2960    0
2961    0
2962    0
2963    0
2964    0
2965    0
2966    0
2967    0
2968    0
2969    0
2970    0
2971    0
2972    0
2973    0
2974    0
2975    0
2976    0
2977    0
2978    0
2979    0
2980    0
2981    0
2982    0
2983    0
2984    0
2985    0
2986    0
2987    0
2988    0
2989    0
2990    0
2991    0
2992    0
2993    0
2994    0
2995    0
2996    0
2997    0
2998    0
2999    0
3000    0
3001    0
3002    0
3003    0
3004    0
3005    0
3006    0
3007    0
3008    0
3009    0
3010    0
3011    0
3012    0
3013    0
3014    0
3015    0
3016    0
3017    0
3018    0
3019    0
3020    0
3021    0
3022    0
3023    0
3024    0
3025    0
3026    0
3027    0
3028    0
3029    0
3030    0
3031    0
3032    0
3033    0
3034    0
3035    0
3036    0
3037    0
3038    0
3039    0
3040    0
3041    0
3042    0
3043    0
3044    0
3045    0
3046    0
3047    0
3048    0
3049    0
3050    0
3051    0
3052    0
3053    0
3054    0
3055    0
3056    0
3057    0
3058    0
3059    0
3060    0
3061    0
3062    0
3063    0
3064    0
3065    0
3066    0
3067    0
3068    0
3069    0
3070    0
3071    0
3072    0
3073    0
3074    0
3075    0
3076    0
3077    0
3078    0
3079    0
3080    0
3081    0
3082    0
3083    0
3084    0
3085    0
3086    0
3087    0
3088    0
3089    0
3090    0
3091    0
3092    0
3093    0
3094    0
3095    0
3096    0
3097    0
3098    0
3099    0
3100    0
3101    0
3102    0
3103    0
3104    0
3105    0
3106    0
3107    0
3108    0
3109    0
3110    0
3111    0
3112    0
3113    0
3114    0
3115    0
3116    0
3117    0
3118    0
3119    0
3120    0
3121    0
3122    0
3123    0
3124    0
3125    0
3126    0
3127    0
3128    0
3129    0
3130    0
3131    0
3132    0
3133    0
3134    0
3135    0
3136    0
3137    0
3138    0
3139    0
3140    0
3141    0
3142    0
3143    0
3144    0
3145    0
3146    0
3147    0
3148    0
3149    0
3150    0
3151    0
3152    0
3153    0
3154    0
3155    0
3156    0
3157    0
3158    0
3159    0
3160    0
3161    0
3162    0
3163    0
3164    0
3165    0
3166    0
3167    0
3168    0
3169    0
3170    0
3171    0
3172    0
3173    0
3174    0
3175    0
3176    0
3177    0
3178    0
3179    0
3180    0
3181    0
3182    0
3183    0
3184    0
3185    0
3186    0
3187    0
3188    0
3189    0
3190    0
3191    0
3192    0
3193    0
3194    0
3195    0
3196    0
3197    0
3198    0
3199    0
3200    0
3201    0
3202    0
3203    0
3204    0
3205    0
3206    0
3207    0
3208    0
3209    0
3210    0
3211    0
3212    0
3213    0
3214    0
3215    0
3216    0
3217    0
3218    0
3219    0
3220    0
3221    0
3222    0
3223    0
3224    0
3225    0
3226    0
3227    0
3228    0
3229    0
3230    0
3231    0
3232    0
3233    0
3234    0
3235    0
3236    0
3237    0
3238    0
3239    0
3240    0
3241    0
3242    0
3243    0
3244    0
3245    0
3246    0
3247    0
3248    0
3249    0
3250    0
3251    0
3252    0
3253    0
3254    0
3255    0
3256    0
3257    0
3258    0
3259    0
3260    0
3261    0
3262    0
3263    0
3264    0
3265    0
3266    0
3267    0
3268    0
3269    0
3270    0
3271    0
3272    0
3273    0
3274    0
3275    0
3276    0
3277    0
3278    0
3279    0
3280    0
3281    0
3282    0
3283    0
3284    0
3285    0
3286    0
3287    0
3288    0
3289    0
3290    0
3291    0
3292    0
3293    0
3294    0
3295    0
3296    0
3297    0
3298    0
3299    0
3300    0
3301    0
3302    0
3303    0
3304    0
3305    0
3306    0
3307    0
3308    0
3309    0
3310    0
3311    0
3312    0
3313    0
3314    0
3315    0
3316    0
3317    0
3318    0
3319    0
3320    0
3321    0
3322    0
3323    0
3324    0
3325    0
3326    0
3327    0
3328    0
3329    0
3330    0
3331    0
3332    0
3333    0
3334    0
3335    0
3336    0
3337    0
3338    0
3339    0
3340    0
3341    0
3342    0
3343    0
3344    0
3345    0
3346    0
3347    0
3348    0
3349    0
3350    0
3351    0
3352    0
3353    0
3354    0
3355    0
3356    0
3357    0
3358    0
3359    0
3360    0
3361    0
3362    0
3363    0
3364    0
3365    0
3366    0
3367    0
3368    0
3369    0
3370    0
3371    0
3372    0
3373    0
3374    0
3375    0
3376    0
3377    0
3378    0
3379    0
3380    0
3381    0
3382    0
3383    0
3384    0
3385    0
3386    0
3387    0
3388    0
3389    0
3390    0
3391    0
3392    0
3393    0
3394    0
3395    0
3396    0
3397    0
3398    0
3399    0
3400    0
3401    0
3402    0
3403    0
3404    0
3405    0
3406    0
3407    0
3408    0
3409    0
3410    0
3411    0
3412    0
3413    0
3414    0
3415    0
3416    0
3417    0
3418    0
3419    0
3420    0
3421    0
3422    0
3423    0
3424    0
3425    0
3426    0
3427    0
3428    0
3429    0
3430    0
3431    0
3432    0
3433    0
3434    0
3435    0
3436    0
3437    0
3438    0
3439    0
3440    0
3441    0
3442    0
3443    0
3444    0
3445    0
3446    0
3447    0
3448    0
3449    0
3450    0
3451    0
3452    0
3453    0
3454    0
3455    0
3456    0
3457    0
3458    0
3459    0
3460    0
3461    0
3462    0
3463    0
3464    0
3465    0
3466    0
3467    0
3468    0
3469    0
3470    0
3471    0
3472    0
3473    0
3474    0
3475    0
3476    0
3477    0
3478    0
3479    0
3480    0
3481    0
3482    0
3483    0
3484    0
3485    0
3486    0
3487    0
3488    0
3489    0
3490    0
3491    0
3492    0
3493    0
3494    0
3495    0
3496    0
3497    0
3498    0
3499    0
3500    0
3501    0
3502    0
3503    0
3504    0
3505    0
3506    0
3507    0
3508    0
3509    0
3510    0
3511    0
3512    0
3513    0
3514    0
3515    0
3516    0
3517    0
3518    0
3519    0
3520    0
3521    0
3522    0
3523    0
3524    0
3525    0
3526    0
3527    0
3528    0
3529    0
3530    0
3531    0
3532    0
3533    0
3534    0
3535    0
3536    0
3537    0
3538    0
3539    0
3540    0
3541    0
3542    0
3543    0
3544    0
3545    0
3546    0
3547    0
3548    0
3549    0
3550    0
3551    0
3552    0
3553    0
3554    0
3555    0
3556    0
3557    0
3558    0
3559    0
3560    0
3561    0
3562    0
3563    0
3564    0
3565    0
3566    0
3567    0
3568    0
3569    0
3570    0
3571    0
3572    0
3573    0
3574    0
3575    0
3576    0
3577    0
3578    0
3579    0
3580    0
3581    0
3582    0
3583    0
3584    0
3585    0
3586    0
3587    0
3588    0
3589    0
3590    0
3591    0
3592    0
3593    0
3594    0
3595    0
3596    0
3597    0
3598    0
3599    0
3600    0
3601    0
3602    0
3603    0
3604    0
3605    0
3606    0
3607    0
3608    0
3609    0
3610    0
3611    0
3612    0
3613    0
3614    0
3615    0
3616    0
3617    0
3618    0
3619    0
3620    0
3621    0
3622    0
3623    0
3624    0
3625    0
3626    0
3627    0
3628    0
3629    0
3630    0
3631    0
3632    0
3633    0
3634    0
3635    0
3636    0
3637    0
3638    0
3639    0
3640    0
3641    0
3642    0
3643    0
3644    0
3645    0
3646    0
3647    0
3648    0
3649    0
3650    0
3651    0
3652    0
3653    0
3654    0
3655    0
3656    0
3657    0
3658    0
3659    0
3660    0
3661    0
3662    0
3663    0
3664    0
3665    0
3666    0
3667    0
3668    0
3669    0
3670    0
3671    0
3672    0
3673    0
3674    0
3675    0
3676    0
3677    0
3678    0
3679    0
3680    0
3681    0
3682    0
3683    0
3684    0
3685    0
3686    0
3687    0
3688    0
3689    0
3690    0
3691    0
3692    0
3693    0
3694    0
3695    0
3696    0
3697    0
3698    0
3699    0
3700    0
3701    0
3702    0
3703    0
3704    0
3705    0
3706    0
3707    0
3708    0
3709    0
3710    0
3711    0
3712    0
3713    0
3714    0
3715    0
3716    0
3717    0
3718    0
3719    0
3720    0
3721    0
3722    0
3723    0
3724    0
3725    0
3726    0
3727    0
3728    0
3729    0
3730    0
3731    0
3732    0
3733    0
3734    0
3735    0
3736    0
3737    0
3738    0
3739    0
3740    0
3741    0
3742    0
3743    0
3744    0
3745    0
3746    0
3747    0
3748    0
3749    0
3750    0
3751    0
3752    0
3753    0
3754    0
3755    0
3756    0
3757    0
3758    0
3759    0
3760    0
3761    0
3762    0
3763    0
3764    0
3765    0
3766    0
3767    0
3768    0
3769    0
3770    0
3771    0
3772    0
3773    0
3774    0
3775    0
3776    0
3777    0
3778    0
3779    0
3780    0
3781    0
3782    0
3783    0
3784    0
3785    0
3786    0
3787    0
3788    0
3789    0
3790    0
3791    0
3792    0
3793    0
3794    0
3795    0
3796    0
3797    0
3798    0
3799    0
3800    0
3801    0
3802    0
3803    0
3804    0
3805    0
3806    0
3807    0
3808    0
3809    0
3810    0
3811    0
3812    0
3813    0
3814    0
3815    0
3816    0
3817    0
3818    0
3819    0
3820    0
3821    0
3822    0
3823    0
3824    0
3825    0
3826    0
3827    0
3828    0
3829    0
3830    0
3831    0
3832    0
3833    0
3834    0
3835    0
3836    0
3837    0
3838    0
3839    0
3840    0
3841    0
3842    0
3843    0
3844    0
3845    0
3846    0
3847    0
3848    0
3849    0
3850    0
3851    0
3852    0
3853    0
3854    0
3855    0
3856    0
3857    0
3858    0
3859    0
3860    0
3861    0
3862    0
3863    0
3864    0
3865    0
3866    0
3867    0
3868    0
3869    0
3870    0
3871    0
3872    0
3873    0
3874    0
3875    0
3876    0
3877    0
3878    0
3879    0
3880    0
3881    0
3882    0
3883    0
3884    0
3885    0
3886    0
3887    0
3888    0
3889    0
3890    0
3891    0
3892    0
3893    0
3894    0
3895    0
3896    0
3897    0
3898    0
3899    0
3900    0
3901    0
3902    0
3903    0
3904    0
3905    0
3906    0
3907    0
3908    0
3909    0
3910    0
3911    0
3912    0
3913    0
3914    0
3915    0
3916    0
3917    0
3918    0
3919    0
3920    0
3921    0
3922    0
3923    0
3924    0
3925    0
3926    0
3927    0
3928    0
3929    0
3930    0
3931    0
3932    0
3933    0
3934    0
3935    0
3936    0
3937    0
3938    0
3939    0
3940    0
3941    0
3942    0
3943    0
3944    0
3945    0
3946    0
3947    0
3948    0
3949    0
3950    0
3951    0
3952    0
3953    0
3954    0
3955    0
3956    0
3957    0
3958    0
3959    0
3960    0
3961    0
3962    0
3963    0
3964    0
3965    0
3966    0
3967    0
3968    0
3969    0
3970    0
3971    0
3972    0
3973    0
3974    0
3975    0
3976    0
3977    0
3978    0
3979    1
3980    1
3981    1
3982    1
3983    1
3984    1
3985    0
3986    0
3987    0
3988    0
3989    0
3990    0
3991    0
3992    0
3993    0
3994    0
3995    0
3996    0
3997    0
3998    0
3999    0
4000    0
4001    0
4002    0
4003    0
4004    0
4005    0
4006    0
4007    0
4008    0
4009    0
4010    0
4011    0
4012    0
4013    0
4014    0
4015    0
4016    0
4017    0
4018    0
4019    0
4020    0
4021    0
4022    0
4023    0
4024    0
4025    0
4026    0
4027    0
4028    0
4029    0
4030    0
4031    0
4032    0
4033    0
4034    0
4035    0
4036    0
4037    0
4038    0
4039    0
4040    0
4041    0
4042    0
4043    0
4044    0
4045    0
4046    0
4047    0
4048    0
4049    0
4050    0
4051    0
4052    0
4053    0
4054    0
4055    0
4056    0
4057    0
4058    0
4059    0
4060    0
4061    0
4062    0
4063    0
4064    0
4065    0
4066    0
4067    0
4068    0
4069    0
4070    0
4071    0
4072    0
4073    0
4074    0
4075    0
4076    0
4077    0
4078    0
4079    0
4080    0
4081    0
4082    0
4083    0
4084    0
4085    0
4086    0
4087    0
4088    0
4089    0
4090    0
4091    0
4092    0
4093    0
4094    0
4095    0
4096    0
4097    0
4098    0
4099    0
4100    0
4101    0
4102    0
4103    0
4104    0
4105    0
4106    0
4107    0
4108    0
4109    0
4110    0
4111    0
4112    0
4113    0
4114    0
4115    0
4116    0
4117    0
4118    0
4119    0
4120    0
4121    0
4122    0
4123    0
4124    0
4125    0
4126    0
4127    0
4128    0
4129    0
4130    0
4131    0
4132    0
4133    0
4134    0
4135    0
4136    0
4137    0
4138    0
4139    0
4140    0
4141    0
4142    0
4143    0
4144    0
4145    0
4146    0
4147    0
4148    0
4149    0
4150    0
4151    0
4152    0
4153    0
4154    0
4155    0
4156    0
4157    0
4158    0
4159    0
4160    0
4161    0
4162    0
4163    0
4164    0
4165    0
4166    0
4167    0
4168    0
4169    0
4170    0
4171    0
4172    0
4173    0
4174    0
4175    0
4176    0
4177    0
4178    0
4179    0
4180    0
4181    0
4182    0
4183    0
4184    0
4185    0
4186    0
4187    0
4188    0
4189    0
4190    0
4191    0
4192    0
4193    0
4194    0
4195    0
4196    0
4197    0
4198    0
4199    0
4200    0
4201    0
4202    0
4203    0
4204    0
4205    0
4206    0
4207    0
4208    0
4209    0
4210    0
4211    0
4212    0
4213    0
4214    0
4215    0
4216    0
4217    0
4218    0
4219    0
4220    0
4221    0
4222    0
4223    0
4224    0
4225    0
4226    0
4227    0
4228    0
4229    0
4230    0
4231    0
4232    0
4233    0
4234    0
4235    0
4236    0
4237    0
4238    0
4239    0
4240    0
4241    0
4242    0
4243    0
4244    0
4245    0
4246    0
4247    0
4248    0
4249    0
4250    0
4251    0
4252    0
4253    0
4254    0
4255    0
4256    0
4257    0
4258    0
4259    0
4260    0
4261    0
4262    0
4263    0
4264    0
4265    0
4266    0
4267    0
4268    0
4269    0
4270    0
4271    0
4272    0
4273    0
4274    0
4275    0
4276    0
4277    0
4278    0
4279    0
4280    0
4281    0
4282    0
4283    0
4284    0
4285    0
4286    0
4287    0
4288    0
4289    0
4290    0
4291    0
4292    0
4293    0
4294    0
4295    0
4296    0
4297    0
4298    0
4299    0
4300    0
4301    0
4302    0
4303    0
4304    0
4305    0
4306    0
4307    0
4308    0
4309    0
4310    0
4311    0
4312    0
4313    0
4314    0
4315    0
4316    0
4317    0
4318    0
4319    0
4320    0
4321    0
4322    0
4323    0
4324    0
4325    0
4326    0
4327    0
4328    0
4329    0
4330    0
4331    0
4332    0
4333    0
4334    0
4335    0
4336    0
4337    0
4338    0
4339    0
4340    0
4341    0
4342    0
4343    0
4344    0
4345    0
4346    0
4347    0
4348    0
4349    0
4350    0
4351    0
4352    0
4353    0
4354    0
4355    0
4356    0
4357    0
4358    0
4359    0
4360    0
4361    0
4362    0
4363    0
4364    0
4365    0
4366    0
4367    0
4368    0
4369    0
4370    0
4371    0
4372    0
4373    0
4374    0
4375    0
4376    0
4377    0
4378    0
4379    0
4380    0
4381    0
4382    0
4383    0
4384    0
4385    0
4386    0
4387    0
4388    0
4389    0
4390    0
4391    0
4392    0
4393    0
4394    0
4395    0
4396    0
4397    0
4398    0
4399    0
4400    0
4401    0
4402    0
4403    0
4404    0
4405    0
4406    0
4407    0
4408    0
4409    0
4410    0
4411    0
4412    0
4413    0
4414    0
4415    0
4416    0
4417    0
4418    0
4419    0
4420    0
4421    0
4422    0
4423    0
4424    0
4425    0
4426    0
4427    0
4428    0
4429    0
4430    0
4431    0
4432    0
4433    0
4434    0
4435    0
4436    0
4437    0
4438    0
4439    0
4440    0
4441    0
4442    0
4443    0
4444    0
4445    0
4446    0
4447    0
4448    0
4449    0
4450    0
4451    0
4452    0
4453    0
4454    0
4455    0
4456    0
4457    0
4458    0
4459    0
4460    0
4461    0
4462    0
4463    0
4464    0
4465    0
4466    0
4467    0
4468    0
4469    0
4470    0
4471    0
4472    0
4473    0
4474    0
4475    0
4476    0
4477    0
4478    0
4479    0
4480    0
4481    0
4482    0
4483    0
4484    0
4485    0
4486    0
4487    0
4488    0
4489    0
4490    0
4491    0
4492    0
4493    0
4494    0
4495    0
4496    0
4497    0
4498    0
4499    0
4500    0
4501    0
4502    0
4503    0
4504    0
4505    0
4506    0
4507    0
4508    0
4509    0
4510    0
4511    0
4512    0
4513    0
4514    0
4515    0
4516    0
4517    0
4518    0
4519    0
4520    0
4521    0
4522    0
4523    0
4524    0
4525    0
4526    0
4527    0
4528    0
4529    0
4530    0
4531    0
4532    0
4533    0
4534    0
4535    0
4536    0
4537    0
4538    0
4539    0
4540    0
4541    0
4542    0
4543    0
4544    0
4545    0
4546    0
4547    0
4548    0
4549    0
4550    0
4551    0
4552    0
4553    0
4554    0
4555    0
4556    0
4557    0
4558    0
4559    0
4560    0
4561    0
4562    0
4563    0
4564    0
4565    0
4566    0
4567    0
4568    0
4569    0
4570    0
4571    0
4572    0
4573    0
4574    0
4575    0
4576    0
4577    0
4578    0
4579    0
4580    0
4581    0
4582    0
4583    0
4584    0
4585    0
4586    0
4587    0
4588    0
4589    0
4590    0
4591    0
4592    0
4593    0
4594    0
4595    0
4596    0
4597    0
4598    0
4599    0
4600    0
4601    0
4602    0
4603    0
4604    0
4605    0
4606    0
4607    0
4608    0
4609    0
4610    0
4611    0
4612    0
4613    0
4614    0
4615    0
4616    0
4617    0
4618    0
4619    0
4620    0
4621    0
4622    0
4623    0
4624    0
4625    0
4626    0
4627    0
4628    0
4629    0
4630    0
4631    0
4632    0
4633    0
4634    0
4635    0
4636    0
4637    0
4638    0
4639    0
4640    0
4641    0
4642    0
4643    0
4644    0
4645    0
4646    0
4647    0
4648    0
4649    0
4650    0
4651    0
4652    0
4653    0
4654    0
4655    0
4656    0
4657    0
4658    0
4659    0
4660    0
4661    0
4662    0
4663    0
4664    0
4665    0
4666    0
4667    0
4668    0
4669    0
4670    0
4671    0
4672    0
4673    0
4674    0
4675    0
4676    0
4677    0
4678    0
4679    0
4680    0
4681    0
4682    0
4683    0
4684    0
4685    0
4686    0
4687    0
4688    0
4689    0
4690    0
4691    0
4692    0
4693    0
4694    0
4695    0
4696    0
4697    0
4698    0
4699    0
4700    0
4701    0
4702    0
4703    0
4704    0
4705    0
4706    0
4707    0
4708    0
4709    0
4710    0
4711    0
4712    0
4713    0
4714    0
4715    0
4716    0
4717    0
4718    0
4719    0
4720    0
4721    0
4722    0
4723    0
4724    0
4725    0
4726    0
4727    0
4728    0
4729    0
4730    0
4731    0
4732    0
4733    0
4734    0
4735    0
4736    0
4737    0
4738    0
4739    0
4740    0
4741    0
4742    0
4743    0
4744    0
4745    0
4746    0
4747    0
4748    0
4749    0
4750    0
4751    0
4752    0
4753    0
4754    0
4755    0
4756    0
4757    0
4758    0
4759    0
4760    0
4761    0
4762    0
4763    0
4764    0
4765    0
4766    0
4767    0
4768    0
4769    0
4770    0
4771    0
4772    0
4773    0
4774    0
4775    0
4776    0
4777    0
4778    0
4779    0
4780    0
4781    0
4782    0
4783    0
4784    0
4785    0
4786    0
4787    0
4788    0
4789    0
4790    0
4791    0
4792    0
4793    0
4794    0
4795    0
4796    0
4797    0
4798    0
4799    0
4800    0
4801    0
4802    0
4803    0
4804    0
4805    0
4806    0
4807    0
4808    0
4809    0
4810    0
4811    0
4812    0
4813    0
4814    0
4815    0
4816    0
4817    0
4818    0
4819    0
4820    0
4821    0
4822    0
4823    0
4824    0
4825    0
4826    0
4827    0
4828    0
4829    0
4830    0
4831    0
4832    0
4833    0
4834    0
4835    0
4836    0
4837    0
4838    0
4839    0
4840    0
4841    0
4842    0
4843    0
4844    0
4845    0
4846    0
4847    0
4848    0
4849    0
4850    0
4851    0
4852    0
4853    0
4854    0
4855    0
4856    0
4857    0
4858    0
4859    0
4860    0
4861    0
4862    0
4863    0
4864    0
4865    0
4866    0
4867    0
4868    0
4869    0
4870    0
4871    0
4872    0
4873    0
4874    0
4875    0
4876    0
4877    0
4878    0
4879    0
4880    0
4881    0
4882    0
4883    0
4884    0
4885    0
4886    0
4887    0
4888    0
4889    0
4890    0
4891    0
4892    0
4893    0
4894    0
4895    0
4896    0
4897    0
4898    0
4899    0
4900    0
4901    0
4902    0
4903    0
4904    0
4905    0
4906    0
4907    0
4908    0
4909    0
4910    0
4911    0
4912    0
4913    0
4914    0
4915    0
4916    0
4917    0
4918    0
4919    0
4920    0
4921    0
4922    0
4923    0
4924    0
4925    0
4926    0
4927    0
4928    0
4929    0
4930    0
4931    0
4932    0
4933    0
4934    0
4935    0
4936    0
4937    0
4938    0
4939    0
4940    0
4941    0
4942    0
4943    0
4944    0
4945    0
4946    0
4947    0
4948    0
4949    0
4950    0
4951    0
4952    0
4953    0
4954    0
4955    0
4956    0
4957    0
4958    0
4959    0
4960    0
4961    0
4962    0
4963    0
4964    0
4965    0
4966    0
4967    0
4968    0
4969    0
4970    0
4971    0
4972    0
4973    0
4974    0
4975    0
4976    0
4977    0
4978    0
4979    0
4980    0
4981    0
4982    0
4983    0
4984    0
4985    0
4986    0
4987    0
4988    0
4989    0
4990    0
4991    0
4992    0
4993    0
4994    0
4995    0
4996    0
4997    0
4998    0
4999    0
5000    0
