1    0
2    0
3    0
4    0
5    0
6    0
7    0
8    0
9    0
10    0
11    0
12    0
13    0
14    0
15    0
16    0
17    0
18    0
19    0
20    0
21    0
22    0
23    0
24    0
25    0
26    0
27    0
28    0
29    0
30    0
31    0
32    0
33    0
34    0
35    0
36    0
37    0
38    0
39    0
40    0
41    0
42    0
43    0
44    0
45    0
46    0
47    0
48    0
49    0
50    0
51    0
52    0
53    0
54    0
55    0
56    0
57    0
58    0
59    0
60    0
61    0
62    0
63    0
64    0
65    0
66    0
67    0
68    0
69    0
70    0
71    0
72    0
73    0
74    0
75    0
76    0
77    0
78    0
79    0
80    0
81    0
82    0
83    0
84    0
85    0
86    0
87    0
88    0
89    0
90    0
91    2
92    2
93    2
94    2
95    2
96    2
97    2
98    2
99    2
100    2
101    2
102    2
103    2
104    2
105    2
106    2
107    2
108    2
109    1
110    1
111    1
112    1
113    1
114    1
115    1
116    1
117    1
118    1
119    1
120    1
121    1
122    1
123    1
124    1
125    1
126    1
127    4
128    4
129    4
130    4
131    4
132    4
133    4
134    4
135    4
136    4
137    4
138    4
139    4
140    4
141    4
142    4
143    4
144    4
145    4
146    4
147    4
148    4
149    4
150    4
151    4
152    4
153    4
154    4
155    4
156    4
157    4
158    4
159    4
160    4
161    4
162    4
163    6
164    6
165    6
166    6
167    6
168    6
169    6
170    6
171    6
172    6
173    6
174    6
175    6
176    6
177    6
178    6
179    6
180    6
181    5
182    5
183    5
184    5
185    5
186    5
187    5
188    5
189    5
190    5
191    5
192    5
193    5
194    5
195    5
196    5
197    5
198    5
199    6
200    6
201    6
202    6
203    6
204    6
205    6
206    6
207    6
208    6
209    6
210    6
211    6
212    6
213    6
214    6
215    6
216    6
217    6
218    6
219    6
220    6
221    6
222    6
223    6
224    6
225    6
226    6
227    6
228    6
229    6
230    6
231    6
232    6
233    6
234    6
235    14
236    14
237    14
238    14
239    14
240    14
241    14
242    14
243    14
244    14
245    14
246    14
247    14
248    14
249    14
250    14
251    14
252    14
253    20
254    20
255    20
256    20
257    20
258    20
259    20
260    20
261    20
262    20
263    20
264    20
265    20
266    20
267    20
268    20
269    20
270    20
271    29
272    29
273    29
274    29
275    29
276    29
277    29
278    29
279    29
280    29
281    29
282    29
283    29
284    29
285    29
286    29
287    29
288    29
289    30
290    30
291    30
292    30
293    30
294    30
295    30
296    30
297    30
298    30
299    30
300    30
301    30
302    30
303    30
304    30
305    30
306    30
307    45
308    45
309    45
310    45
311    45
312    45
313    45
314    45
315    45
316    45
317    45
318    45
319    45
320    45
321    45
322    45
323    45
324    45
325    53
326    53
327    53
328    53
329    53
330    53
331    53
332    53
333    53
334    53
335    53
336    53
337    53
338    53
339    53
340    53
341    53
342    53
343    54
344    54
345    54
346    54
347    54
348    54
349    54
350    54
351    54
352    54
353    54
354    54
355    54
356    54
357    54
358    54
359    54
360    54
361    55
362    55
363    55
364    55
365    55
366    55
367    55
368    55
369    55
370    55
371    55
372    55
373    55
374    55
375    55
376    55
377    55
378    55
379    66
380    66
381    66
382    66
383    66
384    66
385    66
386    66
387    66
388    66
389    66
390    66
391    66
392    66
393    66
394    66
395    66
396    66
397    72
398    72
399    72
400    72
401    72
402    72
403    72
404    72
405    72
406    72
407    72
408    72
409    72
410    72
411    72
412    72
413    72
414    72
415    82
416    82
417    82
418    82
419    82
420    82
421    82
422    82
423    82
424    82
425    82
426    82
427    82
428    82
429    82
430    82
431    82
432    82
433    87
434    87
435    87
436    87
437    87
438    87
439    87
440    87
441    87
442    87
443    87
444    87
445    87
446    87
447    87
448    87
449    87
450    87
451    87
452    87
453    87
454    87
455    87
456    87
457    87
458    87
459    87
460    87
461    87
462    87
463    87
464    87
465    87
466    87
467    87
468    87
469    91
470    91
471    91
472    91
473    91
474    91
475    91
476    91
477    91
478    91
479    91
480    91
481    91
482    91
483    91
484    91
485    91
486    91
487    112
488    112
489    112
490    112
491    112
492    112
493    112
494    112
495    112
496    112
497    112
498    112
499    112
500    112
501    112
502    112
503    112
504    112
505    111
506    111
507    111
508    111
509    111
510    111
511    111
512    111
513    111
514    111
515    111
516    111
517    111
518    111
519    111
520    111
521    111
522    111
523    124
524    124
525    124
526    124
527    124
528    124
529    124
530    124
531    124
532    124
533    124
534    124
535    124
536    124
537    124
538    124
539    124
540    124
541    128
542    128
543    128
544    128
545    128
546    128
547    128
548    128
549    128
550    128
551    128
552    128
553    128
554    128
555    128
556    128
557    128
558    128
559    149
560    149
561    149
562    149
563    149
564    149
565    149
566    149
567    149
568    149
569    149
570    149
571    149
572    149
573    149
574    149
575    149
576    149
577    164
578    164
579    164
580    164
581    164
582    164
583    164
584    164
585    164
586    164
587    164
588    164
589    164
590    164
591    164
592    164
593    164
594    164
595    163
596    163
597    163
598    163
599    163
600    163
601    163
602    163
603    163
604    163
605    163
606    163
607    163
608    163
609    163
610    163
611    163
612    163
613    171
614    171
615    171
616    171
617    171
618    171
619    171
620    171
621    171
622    171
623    171
624    171
625    171
626    171
627    171
628    171
629    171
630    171
631    181
632    181
633    181
634    181
635    181
636    181
637    181
638    181
639    181
640    181
641    181
642    181
643    181
644    181
645    181
646    181
647    181
648    181
649    198
650    198
651    198
652    198
653    198
654    198
655    198
656    198
657    198
658    198
659    198
660    198
661    198
662    198
663    198
664    198
665    198
666    198
667    215
668    215
669    215
670    215
671    215
672    215
673    215
674    215
675    215
676    215
677    215
678    215
679    215
680    215
681    215
682    215
683    215
684    215
685    223
686    223
687    223
688    223
689    223
690    223
691    223
692    223
693    223
694    223
695    223
696    223
697    223
698    223
699    223
700    223
701    223
702    223
703    216
704    216
705    216
706    216
707    216
708    216
709    216
710    216
711    216
712    216
713    216
714    216
715    216
716    216
717    216
718    216
719    216
720    216
721    209
722    209
723    209
724    209
725    209
726    209
727    209
728    209
729    209
730    209
731    209
732    209
733    209
734    209
735    209
736    209
737    209
738    209
739    241
740    241
741    241
742    241
743    241
744    241
745    241
746    241
747    241
748    241
749    241
750    241
751    241
752    241
753    241
754    241
755    241
756    241
757    250
758    250
759    250
760    250
761    250
762    250
763    250
764    250
765    250
766    250
767    250
768    250
769    250
770    250
771    250
772    250
773    250
774    250
775    249
776    249
777    249
778    249
779    249
780    249
781    249
782    249
783    249
784    249
785    249
786    249
787    249
788    249
789    249
790    249
791    249
792    249
793    276
794    276
795    276
796    276
797    276
798    276
799    276
800    276
801    276
802    276
803    276
804    276
805    276
806    276
807    276
808    276
809    276
810    276
811    289
812    289
813    289
814    289
815    289
816    289
817    289
818    289
819    289
820    289
821    289
822    289
823    289
824    289
825    289
826    289
827    289
828    289
829    303
830    303
831    303
832    303
833    303
834    303
835    303
836    303
837    303
838    303
839    303
840    303
841    303
842    303
843    303
844    303
845    303
846    303
847    308
848    308
849    308
850    308
851    308
852    308
853    308
854    308
855    308
856    308
857    308
858    308
859    308
860    308
861    308
862    308
863    308
864    308
865    314
866    314
867    314
868    314
869    314
870    314
871    314
872    314
873    314
874    314
875    314
876    314
877    314
878    314
879    314
880    314
881    314
882    314
883    299
884    299
885    299
886    299
887    299
888    299
889    299
890    299
891    299
892    299
893    299
894    299
895    299
896    299
897    299
898    299
899    299
900    299
901    309
902    309
903    309
904    309
905    309
906    309
907    309
908    309
909    309
910    309
911    309
912    309
913    309
914    309
915    309
916    309
917    309
918    309
919    323
920    323
921    323
922    323
923    323
924    323
925    323
926    323
927    323
928    323
929    323
930    323
931    323
932    323
933    323
934    323
935    323
936    323
937    309
938    309
939    309
940    309
941    309
942    309
943    309
944    309
945    309
946    309
947    309
948    309
949    309
950    309
951    309
952    309
953    309
954    309
955    320
956    320
957    320
958    320
959    320
960    320
961    320
962    320
963    320
964    320
965    320
966    320
967    320
968    320
969    320
970    320
971    320
972    320
973    351
974    351
975    351
976    351
977    351
978    351
979    351
980    351
981    351
982    351
983    351
984    351
985    351
986    351
987    351
988    351
989    351
990    351
991    352
992    352
993    352
994    352
995    352
996    352
997    352
998    352
999    352
1000    352
1001    352
1002    352
1003    352
1004    352
1005    352
1006    352
1007    352
1008    352
1009    348
1010    348
1011    348
1012    348
1013    348
1014    348
1015    348
1016    348
1017    348
1018    348
1019    348
1020    348
1021    348
1022    348
1023    348
1024    348
1025    348
1026    348
1027    354
1028    354
1029    354
1030    354
1031    354
1032    354
1033    354
1034    354
1035    354
1036    354
1037    354
1038    354
1039    354
1040    354
1041    354
1042    354
1043    354
1044    354
1045    353
1046    353
1047    353
1048    353
1049    353
1050    353
1051    353
1052    353
1053    353
1054    353
1055    353
1056    353
1057    353
1058    353
1059    353
1060    353
1061    353
1062    353
1063    366
1064    366
1065    366
1066    366
1067    366
1068    366
1069    366
1070    366
1071    366
1072    366
1073    366
1074    366
1075    366
1076    366
1077    366
1078    366
1079    366
1080    366
1081    351
1082    351
1083    351
1084    351
1085    351
1086    351
1087    351
1088    351
1089    351
1090    351
1091    351
1092    351
1093    351
1094    351
1095    351
1096    351
1097    351
1098    351
1099    355
1100    355
1101    355
1102    355
1103    355
1104    355
1105    355
1106    355
1107    355
1108    355
1109    355
1110    355
1111    355
1112    355
1113    355
1114    355
1115    355
1116    355
1117    363
1118    363
1119    363
1120    363
1121    363
1122    363
1123    363
1124    363
1125    363
1126    363
1127    363
1128    363
1129    363
1130    363
1131    363
1132    363
1133    363
1134    363
1135    345
1136    345
1137    345
1138    345
1139    345
1140    345
1141    345
1142    345
1143    345
1144    345
1145    345
1146    345
1147    345
1148    345
1149    345
1150    345
1151    345
1152    345
1153    369
1154    369
1155    369
1156    369
1157    369
1158    369
1159    369
1160    369
1161    369
1162    369
1163    369
1164    369
1165    369
1166    369
1167    369
1168    369
1169    369
1170    369
1171    376
1172    376
1173    376
1174    376
1175    376
1176    376
1177    376
1178    376
1179    376
1180    376
1181    376
1182    376
1183    376
1184    376
1185    376
1186    376
1187    376
1188    376
1189    363
1190    363
1191    363
1192    363
1193    363
1194    363
1195    363
1196    363
1197    363
1198    363
1199    363
1200    363
1201    363
1202    363
1203    363
1204    363
1205    363
1206    363
1207    342
1208    342
1209    342
1210    342
1211    342
1212    342
1213    342
1214    342
1215    342
1216    342
1217    342
1218    342
1219    342
1220    342
1221    342
1222    342
1223    342
1224    342
1225    341
1226    341
1227    341
1228    341
1229    341
1230    341
1231    341
1232    341
1233    341
1234    341
1235    341
1236    341
1237    339
1238    339
1239    339
1240    339
1241    339
1242    339
1243    340
1244    340
1245    340
1246    340
1247    340
1248    340
1249    339
1250    339
1251    339
1252    339
1253    339
1254    339
1255    339
1256    339
1257    339
1258    339
1259    339
1260    339
1261    352
1262    352
1263    352
1264    352
1265    352
1266    352
1267    352
1268    352
1269    352
1270    352
1271    352
1272    352
1273    352
1274    352
1275    352
1276    352
1277    352
1278    352
1279    347
1280    347
1281    347
1282    347
1283    347
1284    347
1285    344
1286    344
1287    344
1288    344
1289    344
1290    344
1291    344
1292    344
1293    344
1294    344
1295    344
1296    344
1297    359
1298    359
1299    359
1300    359
1301    359
1302    359
1303    359
1304    359
1305    359
1306    359
1307    359
1308    359
1309    358
1310    358
1311    358
1312    358
1313    358
1314    358
1315    368
1316    368
1317    368
1318    368
1319    368
1320    368
1321    367
1322    367
1323    367
1324    367
1325    367
1326    367
1327    367
1328    367
1329    367
1330    367
1331    367
1332    367
1333    356
1334    356
1335    356
1336    356
1337    356
1338    356
1339    356
1340    356
1341    356
1342    356
1343    356
1344    356
1345    354
1346    354
1347    354
1348    354
1349    354
1350    354
1351    358
1352    358
1353    358
1354    358
1355    358
1356    358
1357    356
1358    356
1359    356
1360    356
1361    356
1362    356
1363    356
1364    356
1365    356
1366    356
1367    356
1368    356
1369    379
1370    379
1371    379
1372    379
1373    379
1374    379
1375    379
1376    379
1377    379
1378    379
1379    379
1380    379
1381    373
1382    373
1383    373
1384    373
1385    373
1386    373
1387    371
1388    371
1389    371
1390    371
1391    371
1392    371
1393    371
1394    371
1395    371
1396    371
1397    371
1398    371
1399    371
1400    371
1401    371
1402    371
1403    371
1404    371
1405    359
1406    359
1407    359
1408    359
1409    359
1410    359
1411    359
1412    359
1413    359
1414    359
1415    359
1416    359
1417    355
1418    355
1419    355
1420    355
1421    355
1422    355
1423    398
1424    398
1425    398
1426    398
1427    398
1428    398
1429    392
1430    392
1431    392
1432    392
1433    392
1434    392
1435    392
1436    392
1437    392
1438    392
1439    392
1440    392
1441    384
1442    384
1443    384
1444    384
1445    384
1446    384
1447    384
1448    384
1449    384
1450    384
1451    384
1452    384
1453    374
1454    374
1455    374
1456    374
1457    374
1458    374
1459    387
1460    387
1461    387
1462    387
1463    387
1464    387
1465    380
1466    380
1467    380
1468    380
1469    380
1470    380
1471    380
1472    380
1473    380
1474    380
1475    380
1476    380
1477    406
1478    406
1479    406
1480    406
1481    406
1482    406
1483    406
1484    406
1485    406
1486    406
1487    406
1488    406
1489    394
1490    394
1491    394
1492    394
1493    394
1494    394
1495    426
1496    426
1497    426
1498    426
1499    426
1500    426
1501    415
1502    415
1503    415
1504    415
1505    415
1506    415
1507    415
1508    415
1509    415
1510    415
1511    415
1512    415
1513    417
1514    417
1515    417
1516    417
1517    417
1518    417
1519    417
1520    417
1521    417
1522    417
1523    417
1524    417
1525    397
1526    397
1527    397
1528    397
1529    397
1530    397
1531    421
1532    421
1533    421
1534    421
1535    421
1536    421
1537    405
1538    405
1539    405
1540    405
1541    405
1542    405
1543    405
1544    405
1545    405
1546    405
1547    405
1548    405
1549    420
1550    420
1551    420
1552    420
1553    420
1554    420
1555    420
1556    420
1557    420
1558    420
1559    420
1560    420
1561    384
1562    384
1563    384
1564    384
1565    384
1566    384
1567    443
1568    443
1569    443
1570    443
1571    443
1572    443
1573    418
1574    418
1575    418
1576    418
1577    418
1578    418
1579    418
1580    418
1581    418
1582    418
1583    418
1584    418
1585    450
1586    450
1587    450
1588    450
1589    450
1590    450
1591    450
1592    450
1593    450
1594    450
1595    450
1596    450
1597    396
1598    396
1599    396
1600    396
1601    396
1602    396
1603    418
1604    418
1605    418
1606    418
1607    418
1608    418
1609    369
1610    369
1611    369
1612    369
1613    369
1614    369
1615    369
1616    369
1617    369
1618    369
1619    369
1620    369
1621    358
1622    358
1623    358
1624    358
1625    358
1626    358
1627    358
1628    358
1629    358
1630    358
1631    358
1632    358
1633    303
1634    303
1635    303
1636    303
1637    303
1638    303
1639    375
1640    375
1641    375
1642    375
1643    375
1644    375
1645    314
1646    314
1647    314
1648    314
1649    314
1650    314
1651    314
1652    314
1653    314
1654    314
1655    314
1656    314
1657    317
1658    317
1659    317
1660    317
1661    317
1662    317
1663    317
1664    317
1665    317
1666    317
1667    317
1668    317
1669    234
1670    234
1671    234
1672    234
1673    234
1674    234
1675    291
1676    291
1677    291
1678    291
1679    291
1680    291
1681    237
1682    237
1683    237
1684    237
1685    237
1686    237
1687    237
1688    237
1689    237
1690    237
1691    237
1692    237
1693    228
1694    228
1695    228
1696    228
1697    228
1698    228
1699    228
1700    228
1701    228
1702    228
1703    228
1704    228
1705    167
1706    167
1707    167
1708    167
1709    167
1710    167
1711    214
1712    214
1713    214
1714    214
1715    214
1716    214
1717    147
1718    147
1719    147
1720    147
1721    147
1722    147
1723    147
1724    147
1725    147
1726    147
1727    147
1728    147
1729    151
1730    151
1731    151
1732    151
1733    151
1734    151
1735    151
1736    151
1737    151
1738    151
1739    151
1740    151
1741    108
1742    108
1743    108
1744    108
1745    108
1746    108
1747    161
1748    161
1749    161
1750    161
1751    161
1752    161
1753    110
1754    110
1755    110
1756    110
1757    110
1758    110
1759    110
1760    110
1761    110
1762    110
1763    110
1764    110
1765    114
1766    114
1767    114
1768    114
1769    114
1770    114
1771    114
1772    114
1773    114
1774    114
1775    114
1776    114
1777    68
1778    68
1779    68
1780    68
1781    68
1782    68
1783    109
1784    109
1785    109
1786    109
1787    109
1788    109
1789    68
1790    68
1791    68
1792    68
1793    68
1794    68
1795    68
1796    68
1797    68
1798    68
1799    68
1800    68
1801    65
1802    65
1803    65
1804    65
1805    65
1806    65
1807    65
1808    65
1809    65
1810    65
1811    65
1812    65
1813    43
1814    43
1815    43
1816    43
1817    43
1818    43
1819    69
1820    69
1821    69
1822    69
1823    69
1824    69
1825    43
1826    43
1827    43
1828    43
1829    43
1830    43
1831    43
1832    43
1833    43
1834    43
1835    43
1836    43
1837    41
1838    41
1839    41
1840    41
1841    41
1842    41
1843    41
1844    41
1845    41
1846    41
1847    41
1848    41
1849    27
1850    27
1851    27
1852    27
1853    27
1854    27
1855    39
1856    39
1857    39
1858    39
1859    39
1860    39
1861    25
1862    25
1863    25
1864    25
1865    25
1866    25
1867    25
1868    25
1869    25
1870    25
1871    25
1872    25
1873    30
1874    30
1875    30
1876    30
1877    30
1878    30
1879    30
1880    30
1881    30
1882    30
1883    30
1884    30
1885    14
1886    14
1887    14
1888    14
1889    14
1890    14
1891    24
1892    24
1893    24
1894    24
1895    24
1896    24
1897    12
1898    12
1899    12
1900    12
1901    12
1902    12
1903    12
1904    12
1905    12
1906    12
1907    12
1908    12
1909    12
1910    12
1911    12
1912    12
1913    12
1914    12
1915    12
1916    12
1917    12
1918    12
1919    12
1920    12
1921    9
1922    9
1923    9
1924    9
1925    9
1926    9
1927    13
1928    13
1929    13
1930    13
1931    13
1932    13
1933    7
1934    7
1935    7
1936    7
1937    7
1938    7
1939    7
1940    7
1941    7
1942    7
1943    7
1944    7
1945    5
1946    5
1947    5
1948    5
1949    5
1950    5
1951    5
1952    5
1953    5
1954    5
1955    5
1956    5
1957    1
1958    1
1959    1
1960    1
1961    1
1962    1
1963    1
1964    1
1965    1
1966    1
1967    1
1968    1
1969    0
1970    0
1971    0
1972    0
1973    0
1974    0
1975    0
1976    0
1977    0
1978    0
1979    0
1980    0
1981    0
1982    0
1983    0
1984    0
1985    0
1986    0
1987    0
1988    0
1989    0
1990    0
1991    0
1992    0
1993    0
1994    0
1995    0
1996    0
1997    0
1998    0
1999    0
2000    0
2001    0
2002    0
2003    0
2004    0
2005    0
2006    0
2007    0
2008    0
2009    0
2010    0
2011    0
2012    0
2013    0
2014    0
2015    0
2016    0
2017    0
2018    0
2019    0
2020    0
2021    0
2022    0
2023    0
2024    0
2025    0
2026    0
2027    0
2028    0
2029    0
2030    0
2031    0
2032    0
2033    0
2034    0
2035    0
2036    0
2037    0
2038    0
2039    0
2040    0
2041    0
2042    0
2043    0
2044    0
2045    0
2046    0
2047    0
2048    0
2049    0
2050    0
2051    0
2052    0
2053    0
2054    0
2055    0
2056    0
2057    0
2058    0
2059    0
2060    0
2061    0
2062    0
2063    0
2064    0
2065    0
2066    0
2067    0
2068    0
2069    0
2070    0
2071    0
2072    0
2073    0
2074    0
2075    0
2076    0
2077    0
2078    0
2079    0
2080    0
2081    0
2082    0
2083    0
2084    0
2085    0
2086    0
2087    0
2088    0
2089    0
2090    0
2091    0
2092    0
2093    0
2094    0
2095    0
2096    0
2097    0
2098    0
2099    0
2100    0
2101    0
2102    0
2103    0
2104    0
2105    0
2106    0
2107    0
2108    0
2109    0
2110    0
2111    0
2112    0
2113    0
2114    0
2115    0
2116    0
2117    0
2118    0
2119    0
2120    0
2121    0
2122    0
2123    0
2124    0
2125    0
2126    0
2127    0
2128    0
2129    0
2130    0
2131    0
2132    0
2133    0
2134    0
2135    0
2136    0
2137    0
2138    0
2139    0
2140    0
2141    0
2142    0
2143    0
2144    0
2145    0
2146    0
2147    0
2148    0
2149    0
2150    0
2151    0
2152    0
2153    0
2154    0
2155    0
2156    0
2157    0
2158    0
2159    0
2160    0
2161    0
2162    0
2163    0
2164    0
2165    0
2166    0
2167    0
2168    0
2169    0
2170    0
2171    0
2172    0
2173    0
2174    0
2175    0
2176    0
2177    0
2178    0
2179    0
2180    0
2181    0
2182    0
2183    0
2184    0
2185    0
2186    0
2187    0
2188    0
2189    0
2190    0
2191    0
2192    0
2193    0
2194    0
2195    0
2196    0
2197    0
2198    0
2199    0
2200    0
2201    0
2202    0
2203    0
2204    0
2205    0
2206    0
2207    0
2208    0
2209    0
2210    0
2211    0
2212    0
2213    0
2214    0
2215    0
2216    0
2217    0
2218    0
2219    0
2220    0
2221    0
2222    0
2223    0
2224    0
2225    0
2226    0
2227    0
2228    0
2229    0
2230    0
2231    0
2232    0
2233    0
2234    0
2235    0
2236    0
2237    0
2238    0
2239    0
2240    0
2241    0
2242    0
2243    0
2244    0
2245    0
2246    0
2247    0
2248    0
2249    0
2250    0
2251    0
2252    0
2253    0
2254    0
2255    0
2256    0
2257    0
2258    0
2259    0
2260    0
2261    0
2262    0
2263    0
2264    0
2265    0
2266    0
2267    0
2268    0
2269    0
2270    0
2271    0
2272    0
2273    0
2274    0
2275    0
2276    0
2277    0
2278    0
2279    0
2280    0
2281    0
2282    0
2283    0
2284    0
2285    0
2286    0
2287    0
2288    0
2289    0
2290    0
2291    0
2292    0
2293    0
2294    0
2295    0
2296    0
2297    0
2298    0
2299    0
2300    0
2301    0
2302    0
2303    0
2304    0
2305    0
2306    0
2307    0
2308    0
2309    0
2310    0
2311    0
2312    0
2313    0
2314    0
2315    0
2316    0
2317    0
2318    0
2319    0
2320    0
2321    0
2322    0
2323    0
2324    0
2325    0
2326    0
2327    0
2328    0
2329    0
2330    0
2331    0
2332    0
2333    0
2334    0
2335    0
2336    0
2337    0
2338    0
2339    0
2340    0
2341    0
2342    0
2343    0
2344    0
2345    0
2346    0
2347    0
2348    0
2349    0
2350    0
2351    0
2352    0
2353    0
2354    0
2355    0
2356    0
2357    0
2358    0
2359    0
2360    0
2361    0
2362    0
2363    0
2364    0
2365    0
2366    0
2367    0
2368    0
2369    0
2370    0
2371    0
2372    0
2373    0
2374    0
2375    0
2376    0
2377    0
2378    0
2379    0
2380    0
2381    0
2382    0
2383    0
2384    0
2385    0
2386    0
2387    0
2388    0
2389    0
2390    0
2391    0
2392    0
2393    0
2394    0
2395    0
2396    0
2397    0
2398    0
2399    0
2400    0
2401    0
2402    0
2403    0
2404    0
2405    0
2406    0
2407    0
2408    0
2409    0
2410    0
2411    0
2412    0
2413    0
2414    0
2415    0
2416    0
2417    0
2418    0
2419    0
2420    0
2421    0
2422    0
2423    0
2424    0
2425    0
2426    0
2427    0
2428    0
2429    0
2430    0
2431    0
2432    0
2433    0
2434    0
2435    0
2436    0
2437    0
2438    0
2439    0
2440    0
2441    0
2442    0
2443    0
2444    0
2445    0
2446    0
2447    0
2448    0
2449    0
2450    0
2451    0
2452    0
2453    0
2454    0
2455    0
2456    0
2457    0
2458    0
2459    0
2460    0
2461    0
2462    0
2463    0
2464    0
2465    0
2466    0
2467    0
2468    0
2469    0
2470    0
2471    0
2472    0
2473    0
2474    0
2475    0
2476    0
2477    0
2478    0
2479    0
2480    0
2481    0
2482    0
2483    0
2484    0
2485    0
2486    0
2487    0
2488    0
2489    0
2490    0
2491    0
2492    0
2493    0
2494    0
2495    0
2496    0
2497    0
2498    0
2499    0
2500    0
2501    0
2502    0
2503    0
2504    0
2505    0
2506    0
2507    0
2508    0
2509    0
2510    0
2511    0
2512    0
2513    0
2514    0
2515    0
2516    0
2517    0
2518    0
2519    0
2520    0
2521    0
2522    0
2523    0
2524    0
2525    0
2526    0
2527    0
2528    0
2529    0
2530    0
2531    0
2532    0
2533    0
2534    0
2535    0
2536    0
2537    0
2538    0
2539    0
2540    0
2541    0
2542    0
2543    0
2544    0
2545    0
2546    0
2547    0
2548    0
2549    0
2550    0
2551    0
2552    0
2553    0
2554    0
2555    0
2556    0
2557    0
2558    0
2559    0
2560    0
2561    0
2562    0
2563    0
2564    0
2565    0
2566    0
2567    0
2568    0
2569    0
2570    0
2571    0
2572    0
2573    0
2574    0
2575    0
2576    0
2577    0
2578    0
2579    0
2580    0
2581    0
2582    0
2583    0
2584    0
2585    0
2586    0
2587    0
2588    0
2589    0
2590    0
2591    0
2592    0
2593    0
2594    0
2595    0
2596    0
2597    0
2598    0
2599    0
2600    0
2601    0
2602    0
2603    0
2604    0
2605    0
2606    0
2607    0
2608    0
2609    0
2610    0
2611    0
2612    0
2613    0
2614    0
2615    0
2616    0
2617    0
2618    0
2619    0
2620    0
2621    0
2622    0
2623    0
2624    0
2625    0
2626    0
2627    0
2628    0
2629    0
2630    0
2631    0
2632    0
2633    0
2634    0
2635    0
2636    0
2637    0
2638    0
2639    0
2640    0
2641    0
2642    0
2643    0
2644    0
2645    0
2646    0
2647    0
2648    0
2649    0
2650    0
2651    0
2652    0
2653    0
2654    0
2655    0
2656    0
2657    0
2658    0
2659    0
2660    0
2661    0
2662    0
2663    0
2664    0
2665    0
2666    0
2667    0
2668    0
2669    0
2670    0
2671    0
2672    0
2673    0
2674    0
2675    0
2676    0
2677    0
2678    0
2679    0
2680    0
2681    0
2682    0
2683    0
2684    0
2685    0
2686    0
2687    0
2688    0
2689    0
2690    0
2691    0
2692    0
2693    0
2694    0
2695    0
2696    0
2697    0
2698    0
2699    0
2700    0
2701    0
2702    0
2703    0
2704    0
2705    0
2706    0
2707    0
2708    0
2709    0
2710    0
2711    0
2712    0
2713    0
2714    0
2715    0
2716    0
2717    0
2718    0
2719    0
2720    0
2721    0
2722    0
2723    0
2724    0
2725    0
2726    0
2727    0
2728    0
2729    0
2730    0
2731    0
2732    0
2733    0
2734    0
2735    0
2736    0
2737    0
2738    0
2739    0
2740    0
2741    0
2742    0
2743    0
2744    0
2745    0
2746    0
2747    0
2748    0
2749    0
2750    0
2751    0
2752    0
2753    0
2754    0
2755    0
2756    0
2757    0
2758    0
2759    0
2760    0
2761    0
2762    0
2763    0
2764    0
2765    0
2766    0
2767    0
2768    0
2769    0
2770    0
2771    0
2772    0
2773    0
2774    0
2775    0
2776    0
2777    0
2778    0
2779    0
2780    0
2781    0
2782    0
2783    0
2784    0
2785    0
2786    0
2787    0
2788    0
2789    0
2790    0
2791    0
2792    0
2793    0
2794    0
2795    0
2796    0
2797    0
2798    0
2799    0
2800    0
2801    0
2802    0
2803    0
2804    0
2805    0
2806    0
2807    0
2808    0
2809    0
2810    0
2811    0
2812    0
2813    0
2814    0
2815    0
2816    0
2817    0
2818    0
2819    0
2820    0
2821    0
2822    0
2823    0
2824    0
2825    0
2826    0
2827    0
2828    0
2829    0
2830    0
2831    0
2832    0
2833    0
2834    0
2835    0
2836    0
2837    0
2838    0
2839    0
2840    0
2841    0
2842    0
2843    0
2844    0
2845    0
2846    0
2847    0
2848    0
2849    0
2850    0
2851    0
2852    0
2853    0
2854    0
2855    0
2856    0
2857    0
2858    0
2859    0
2860    0
2861    0
2862    0
2863    0
2864    0
2865    0
2866    0
2867    0
2868    0
2869    0
2870    0
2871    0
2872    0
2873    0
2874    0
2875    0
2876    0
2877    0
2878    0
2879    0
2880    0
2881    0
2882    0
2883    0
2884    0
2885    0
2886    0
2887    0
2888    0
2889    0
2890    0
2891    0
2892    0
2893    0
2894    0
2895    0
2896    0
2897    0
2898    0
2899    0
2900    0
2901    0
2902    0
2903    0
2904    0
2905    0
2906    0
2907    0
2908    0
2909    0
2910    0
2911    0
2912    0
2913    0
2914    0
2915    0
2916    0
2917    0
2918    0
2919    0
2920    0
2921    0
2922    0
2923    0
2924    0
2925    0
2926    0
2927    0
2928    0
2929    0
2930    0
2931    0
2932    0
2933    0
2934    0
2935    0
2936    0
2937    0
2938    0
2939    0
2940    0
2941    0
2942    0
2943    0
2944    0
2945    0
2946    0
2947    0
2948    0
2949    0
2950    0
2951    0
2952    0
2953    0
2954    0
2955    0
2956    0
2957    0
2958    0
2959    0
2960    0
2961    0
2962    0
2963    0
2964    0
2965    0
2966    0
2967    0
2968    0
2969    0
2970    0
2971    0
2972    0
2973    0
2974    0
2975    0
2976    0
2977    0
2978    0
2979    0
2980    0
2981    0
2982    0
2983    0
2984    0
2985    0
2986    0
2987    0
2988    0
2989    0
2990    0
2991    0
2992    0
2993    0
2994    0
2995    0
2996    0
2997    0
2998    0
2999    0
3000    0
3001    0
3002    0
3003    0
3004    0
3005    0
3006    0
3007    0
3008    0
3009    0
3010    0
3011    0
3012    0
3013    0
3014    0
3015    0
3016    0
3017    0
3018    0
3019    0
3020    0
3021    0
3022    0
3023    0
3024    0
3025    0
3026    0
3027    0
3028    0
3029    0
3030    0
3031    0
3032    0
3033    0
3034    0
3035    0
3036    0
3037    0
3038    0
3039    0
3040    0
3041    0
3042    0
3043    0
3044    0
3045    0
3046    0
3047    0
3048    0
3049    0
3050    0
3051    0
3052    0
3053    0
3054    0
3055    0
3056    0
3057    0
3058    0
3059    0
3060    0
3061    0
3062    0
3063    0
3064    0
3065    0
3066    0
3067    0
3068    0
3069    0
3070    0
3071    0
3072    0
3073    0
3074    0
3075    0
3076    0
3077    0
3078    0
3079    0
3080    0
3081    0
3082    0
3083    0
3084    0
3085    0
3086    0
3087    0
3088    0
3089    0
3090    0
3091    0
3092    0
3093    0
3094    0
3095    0
3096    0
3097    0
3098    0
3099    0
3100    0
3101    0
3102    0
3103    0
3104    0
3105    0
3106    0
3107    0
3108    0
3109    0
3110    0
3111    0
3112    0
3113    0
3114    0
3115    0
3116    0
3117    0
3118    0
3119    0
3120    0
3121    0
3122    0
3123    0
3124    0
3125    0
3126    0
3127    0
3128    0
3129    0
3130    0
3131    0
3132    0
3133    0
3134    0
3135    0
3136    0
3137    0
3138    0
3139    0
3140    0
3141    0
3142    0
3143    0
3144    0
3145    0
3146    0
3147    0
3148    0
3149    0
3150    0
3151    0
3152    0
3153    0
3154    0
3155    0
3156    0
3157    0
3158    0
3159    0
3160    0
3161    0
3162    0
3163    0
3164    0
3165    0
3166    0
3167    0
3168    0
3169    0
3170    0
3171    0
3172    0
3173    0
3174    0
3175    0
3176    0
3177    0
3178    0
3179    0
3180    0
3181    0
3182    0
3183    0
3184    0
3185    0
3186    0
3187    0
3188    0
3189    0
3190    0
3191    0
3192    0
3193    0
3194    0
3195    0
3196    0
3197    0
3198    0
3199    0
3200    0
3201    0
3202    0
3203    0
3204    0
3205    0
3206    0
3207    0
3208    0
3209    0
3210    0
3211    0
3212    0
3213    0
3214    0
3215    0
3216    0
3217    0
3218    0
3219    0
3220    0
3221    0
3222    0
3223    0
3224    0
3225    0
3226    0
3227    0
3228    0
3229    0
3230    0
3231    0
3232    0
3233    0
3234    0
3235    0
3236    0
3237    0
3238    0
3239    0
3240    0
3241    0
3242    0
3243    0
3244    0
3245    0
3246    0
3247    0
3248    0
3249    0
3250    0
3251    0
3252    0
3253    0
3254    0
3255    0
3256    0
3257    0
3258    0
3259    0
3260    0
3261    0
3262    0
3263    0
3264    0
3265    0
3266    0
3267    0
3268    0
3269    0
3270    0
3271    0
3272    0
3273    0
3274    0
3275    0
3276    0
3277    0
3278    0
3279    0
3280    0
3281    0
3282    0
3283    0
3284    0
3285    0
3286    0
3287    0
3288    0
3289    0
3290    0
3291    0
3292    0
3293    0
3294    0
3295    0
3296    0
3297    0
3298    0
3299    0
3300    0
3301    0
3302    0
3303    0
3304    0
3305    0
3306    0
3307    0
3308    0
3309    0
3310    0
3311    0
3312    0
3313    0
3314    0
3315    0
3316    0
3317    0
3318    0
3319    0
3320    0
3321    0
3322    0
3323    0
3324    0
3325    0
3326    0
3327    0
3328    0
3329    0
3330    0
3331    0
3332    0
3333    0
3334    0
3335    0
3336    0
3337    0
3338    0
3339    0
3340    0
3341    0
3342    0
3343    0
3344    0
3345    0
3346    0
3347    0
3348    0
3349    0
3350    0
3351    0
3352    0
3353    0
3354    0
3355    0
3356    0
3357    0
3358    0
3359    0
3360    0
3361    0
3362    0
3363    0
3364    0
3365    0
3366    0
3367    0
3368    0
3369    0
3370    0
3371    0
3372    0
3373    0
3374    0
3375    0
3376    0
3377    0
3378    0
3379    0
3380    0
3381    0
3382    0
3383    0
3384    0
3385    0
3386    0
3387    0
3388    0
3389    0
3390    0
3391    0
3392    0
3393    0
3394    0
3395    0
3396    0
3397    0
3398    0
3399    0
3400    0
3401    0
3402    0
3403    0
3404    0
3405    0
3406    0
3407    0
3408    0
3409    0
3410    0
3411    0
3412    0
3413    0
3414    0
3415    0
3416    0
3417    0
3418    0
3419    0
3420    0
3421    0
3422    0
3423    0
3424    0
3425    0
3426    0
3427    0
3428    0
3429    0
3430    0
3431    0
3432    0
3433    0
3434    0
3435    0
3436    0
3437    0
3438    0
3439    0
3440    0
3441    0
3442    0
3443    0
3444    0
3445    0
3446    0
3447    0
3448    0
3449    0
3450    0
3451    0
3452    0
3453    0
3454    0
3455    0
3456    0
3457    0
3458    0
3459    0
3460    0
3461    0
3462    0
3463    0
3464    0
3465    0
3466    0
3467    0
3468    0
3469    0
3470    0
3471    0
3472    0
3473    0
3474    0
3475    1
3476    1
3477    1
3478    1
3479    1
3480    1
3481    1
3482    1
3483    1
3484    1
3485    1
3486    1
3487    1
3488    1
3489    1
3490    1
3491    1
3492    1
3493    2
3494    2
3495    2
3496    2
3497    2
3498    2
3499    2
3500    2
3501    2
3502    2
3503    2
3504    2
3505    0
3506    0
3507    0
3508    0
3509    0
3510    0
3511    0
3512    0
3513    0
3514    0
3515    0
3516    0
3517    0
3518    0
3519    0
3520    0
3521    0
3522    0
3523    0
3524    0
3525    0
3526    0
3527    0
3528    0
3529    0
3530    0
3531    0
3532    0
3533    0
3534    0
3535    0
3536    0
3537    0
3538    0
3539    0
3540    0
3541    0
3542    0
3543    0
3544    0
3545    0
3546    0
3547    0
3548    0
3549    0
3550    0
3551    0
3552    0
3553    0
3554    0
3555    0
3556    0
3557    0
3558    0
3559    0
3560    0
3561    0
3562    0
3563    0
3564    0
3565    0
3566    0
3567    0
3568    0
3569    0
3570    0
3571    0
3572    0
3573    0
3574    0
3575    0
3576    0
3577    0
3578    0
3579    0
3580    0
3581    0
3582    0
3583    0
3584    0
3585    0
3586    0
3587    0
3588    0
3589    0
3590    0
3591    0
3592    0
3593    0
3594    0
3595    0
3596    0
3597    0
3598    0
3599    0
3600    0
3601    0
3602    0
3603    0
3604    0
3605    0
3606    0
3607    0
3608    0
3609    0
3610    0
3611    0
3612    0
3613    0
3614    0
3615    0
3616    0
3617    0
3618    0
3619    0
3620    0
3621    0
3622    0
3623    0
3624    0
3625    0
3626    0
3627    0
3628    0
3629    0
3630    0
3631    0
3632    0
3633    0
3634    0
3635    0
3636    0
3637    0
3638    0
3639    0
3640    0
3641    0
3642    0
3643    0
3644    0
3645    0
3646    0
3647    0
3648    0
3649    0
3650    0
3651    0
3652    0
3653    0
3654    0
3655    0
3656    0
3657    0
3658    0
3659    0
3660    0
3661    0
3662    0
3663    0
3664    0
3665    0
3666    0
3667    0
3668    0
3669    0
3670    0
3671    0
3672    0
3673    0
3674    0
3675    0
3676    0
3677    0
3678    0
3679    0
3680    0
3681    0
3682    0
3683    0
3684    0
3685    0
3686    0
3687    0
3688    0
3689    0
3690    0
3691    0
3692    0
3693    0
3694    0
3695    0
3696    0
3697    0
3698    0
3699    0
3700    0
3701    0
3702    0
3703    0
3704    0
3705    0
3706    0
3707    0
3708    0
3709    0
3710    0
3711    0
3712    0
3713    0
3714    0
3715    0
3716    0
3717    0
3718    0
3719    0
3720    0
3721    0
3722    0
3723    0
3724    0
3725    0
3726    0
3727    0
3728    0
3729    0
3730    0
3731    0
3732    0
3733    0
3734    0
3735    0
3736    0
3737    0
3738    0
3739    0
3740    0
3741    0
3742    0
3743    0
3744    0
3745    0
3746    0
3747    0
3748    0
3749    0
3750    0
3751    0
3752    0
3753    0
3754    0
3755    0
3756    0
3757    0
3758    0
3759    0
3760    0
3761    0
3762    0
3763    0
3764    0
3765    0
3766    0
3767    0
3768    0
3769    0
3770    0
3771    0
3772    0
3773    0
3774    0
3775    0
3776    0
3777    0
3778    0
3779    0
3780    0
3781    0
3782    0
3783    0
3784    0
3785    0
3786    0
3787    0
3788    0
3789    0
3790    0
3791    0
3792    0
3793    0
3794    0
3795    0
3796    0
3797    0
3798    0
3799    0
3800    0
3801    0
3802    0
3803    0
3804    0
3805    0
3806    0
3807    0
3808    0
3809    0
3810    0
3811    0
3812    0
3813    0
3814    0
3815    0
3816    0
3817    0
3818    0
3819    0
3820    0
3821    0
3822    0
3823    0
3824    0
3825    0
3826    0
3827    0
3828    0
3829    0
3830    0
3831    0
3832    0
3833    0
3834    0
3835    0
3836    0
3837    0
3838    0
3839    0
3840    0
3841    0
3842    0
3843    0
3844    0
3845    0
3846    0
3847    0
3848    0
3849    0
3850    0
3851    0
3852    0
3853    0
3854    0
3855    0
3856    0
3857    0
3858    0
3859    0
3860    0
3861    0
3862    0
3863    0
3864    0
3865    0
3866    0
3867    0
3868    0
3869    0
3870    0
3871    0
3872    0
3873    0
3874    0
3875    0
3876    0
3877    0
3878    0
3879    0
3880    0
3881    0
3882    0
3883    0
3884    0
3885    0
3886    0
3887    0
3888    0
3889    0
3890    0
3891    0
3892    0
3893    0
3894    0
3895    0
3896    0
3897    0
3898    0
3899    0
3900    0
3901    0
3902    0
3903    0
3904    0
3905    0
3906    0
3907    0
3908    0
3909    0
3910    0
3911    0
3912    0
3913    0
3914    0
3915    0
3916    0
3917    0
3918    0
3919    0
3920    0
3921    0
3922    0
3923    0
3924    0
3925    1
3926    1
3927    1
3928    1
3929    1
3930    1
3931    1
3932    1
3933    1
3934    1
3935    1
3936    1
3937    1
3938    1
3939    1
3940    1
3941    1
3942    1
3943    2
3944    2
3945    2
3946    2
3947    2
3948    2
3949    2
3950    2
3951    2
3952    2
3953    2
3954    2
3955    2
3956    2
3957    2
3958    2
3959    2
3960    2
3961    2
3962    2
3963    2
3964    2
3965    2
3966    2
3967    2
3968    2
3969    2
3970    2
3971    2
3972    2
3973    2
3974    2
3975    2
3976    2
3977    2
3978    2
3979    3
3980    3
3981    3
3982    3
3983    3
3984    3
3985    3
3986    3
3987    3
3988    3
3989    3
3990    3
3991    3
3992    3
3993    3
3994    3
3995    3
3996    3
3997    2
3998    2
3999    2
4000    2
4001    2
4002    2
4003    2
4004    2
4005    2
4006    2
4007    2
4008    2
4009    1
4010    1
4011    1
4012    1
4013    1
4014    1
4015    2
4016    2
4017    2
4018    2
4019    2
4020    2
4021    2
4022    2
4023    2
4024    2
4025    2
4026    2
4027    2
4028    2
4029    2
4030    2
4031    2
4032    2
4033    2
4034    2
4035    2
4036    2
4037    2
4038    2
4039    2
4040    2
4041    2
4042    2
4043    2
4044    2
4045    1
4046    1
4047    1
4048    1
4049    1
4050    1
4051    0
4052    0
4053    0
4054    0
4055    0
4056    0
4057    0
4058    0
4059    0
4060    0
4061    0
4062    0
4063    0
4064    0
4065    0
4066    0
4067    0
4068    0
4069    0
4070    0
4071    0
4072    0
4073    0
4074    0
4075    0
4076    0
4077    0
4078    0
4079    0
4080    0
4081    0
4082    0
4083    0
4084    0
4085    0
4086    0
4087    0
4088    0
4089    0
4090    0
4091    0
4092    0
4093    0
4094    0
4095    0
4096    0
4097    0
4098    0
4099    0
4100    0
4101    0
4102    0
4103    0
4104    0
4105    0
4106    0
4107    0
4108    0
4109    0
4110    0
4111    0
4112    0
4113    0
4114    0
4115    0
4116    0
4117    0
4118    0
4119    0
4120    0
4121    0
4122    0
4123    0
4124    0
4125    0
4126    0
4127    0
4128    0
4129    0
4130    0
4131    0
4132    0
4133    0
4134    0
4135    0
4136    0
4137    0
4138    0
4139    0
4140    0
4141    0
4142    0
4143    0
4144    0
4145    0
4146    0
4147    0
4148    0
4149    0
4150    0
4151    0
4152    0
4153    0
4154    0
4155    0
4156    0
4157    0
4158    0
4159    0
4160    0
4161    0
4162    0
4163    0
4164    0
4165    0
4166    0
4167    0
4168    0
4169    0
4170    0
4171    0
4172    0
4173    0
4174    0
4175    0
4176    0
4177    0
4178    0
4179    0
4180    0
4181    0
4182    0
4183    0
4184    0
4185    0
4186    0
4187    0
4188    0
4189    0
4190    0
4191    0
4192    0
4193    0
4194    0
4195    0
4196    0
4197    0
4198    0
4199    0
4200    0
4201    0
4202    0
4203    0
4204    0
4205    0
4206    0
4207    0
4208    0
4209    0
4210    0
4211    0
4212    0
4213    0
4214    0
4215    0
4216    0
4217    0
4218    0
4219    0
4220    0
4221    0
4222    0
4223    0
4224    0
4225    0
4226    0
4227    0
4228    0
4229    0
4230    0
4231    0
4232    0
4233    0
4234    0
4235    0
4236    0
4237    0
4238    0
4239    0
4240    0
4241    0
4242    0
4243    0
4244    0
4245    0
4246    0
4247    0
4248    0
4249    0
4250    0
4251    0
4252    0
4253    0
4254    0
4255    0
4256    0
4257    0
4258    0
4259    0
4260    0
4261    0
4262    0
4263    0
4264    0
4265    0
4266    0
4267    0
4268    0
4269    0
4270    0
4271    0
4272    0
4273    0
4274    0
4275    0
4276    0
4277    0
4278    0
4279    0
4280    0
4281    0
4282    0
4283    0
4284    0
4285    0
4286    0
4287    0
4288    0
4289    0
4290    0
4291    0
4292    0
4293    0
4294    0
4295    0
4296    0
4297    0
4298    0
4299    0
4300    0
4301    0
4302    0
4303    0
4304    0
4305    0
4306    0
4307    0
4308    0
4309    0
4310    0
4311    0
4312    0
4313    0
4314    0
4315    0
4316    0
4317    0
4318    0
4319    0
4320    0
4321    0
4322    0
4323    0
4324    0
4325    0
4326    0
4327    0
4328    0
4329    0
4330    0
4331    0
4332    0
4333    0
4334    0
4335    0
4336    0
4337    0
4338    0
4339    0
4340    0
4341    0
4342    0
4343    0
4344    0
4345    0
4346    0
4347    0
4348    0
4349    0
4350    0
4351    0
4352    0
4353    0
4354    0
4355    0
4356    0
4357    0
4358    0
4359    0
4360    0
4361    0
4362    0
4363    0
4364    0
4365    0
4366    0
4367    0
4368    0
4369    0
4370    0
4371    0
4372    0
4373    0
4374    0
4375    0
4376    0
4377    0
4378    0
4379    0
4380    0
4381    0
4382    0
4383    0
4384    0
4385    0
4386    0
4387    0
4388    0
4389    0
4390    0
4391    0
4392    0
4393    0
4394    0
4395    0
4396    0
4397    0
4398    0
4399    0
4400    0
4401    0
4402    0
4403    0
4404    0
4405    0
4406    0
4407    0
4408    0
4409    0
4410    0
4411    0
4412    0
4413    0
4414    0
4415    0
4416    0
4417    0
4418    0
4419    0
4420    0
4421    0
4422    0
4423    0
4424    0
4425    0
4426    0
4427    0
4428    0
4429    0
4430    0
4431    0
4432    0
4433    0
4434    0
4435    0
4436    0
4437    0
4438    0
4439    0
4440    0
4441    0
4442    0
4443    0
4444    0
4445    0
4446    0
4447    0
4448    0
4449    0
4450    0
4451    0
4452    0
4453    0
4454    0
4455    0
4456    0
4457    0
4458    0
4459    0
4460    0
4461    0
4462    0
4463    0
4464    0
4465    0
4466    0
4467    0
4468    0
4469    0
4470    0
4471    0
4472    0
4473    0
4474    0
4475    0
4476    0
4477    0
4478    0
4479    0
4480    0
4481    0
4482    0
4483    0
4484    0
4485    0
4486    0
4487    0
4488    0
4489    0
4490    0
4491    0
4492    0
4493    0
4494    0
4495    0
4496    0
4497    0
4498    0
4499    0
4500    0
4501    1
4502    1
4503    1
4504    1
4505    1
4506    1
4507    1
4508    1
4509    1
4510    1
4511    1
4512    1
4513    1
4514    1
4515    1
4516    1
4517    1
4518    1
4519    2
4520    2
4521    2
4522    2
4523    2
4524    2
4525    1
4526    1
4527    1
4528    1
4529    1
4530    1
4531    1
4532    1
4533    1
4534    1
4535    1
4536    1
4537    1
4538    1
4539    1
4540    1
4541    1
4542    1
4543    1
4544    1
4545    1
4546    1
4547    1
4548    1
4549    1
4550    1
4551    1
4552    1
4553    1
4554    1
4555    2
4556    2
4557    2
4558    2
4559    2
4560    2
4561    1
4562    1
4563    1
4564    1
4565    1
4566    1
4567    1
4568    1
4569    1
4570    1
4571    1
4572    1
4573    2
4574    2
4575    2
4576    2
4577    2
4578    2
4579    2
4580    2
4581    2
4582    2
4583    2
4584    2
4585    1
4586    1
4587    1
4588    1
4589    1
4590    1
4591    1
4592    1
4593    1
4594    1
4595    1
4596    1
4597    0
4598    0
4599    0
4600    0
4601    0
4602    0
4603    0
4604    0
4605    0
4606    0
4607    0
4608    0
4609    0
4610    0
4611    0
4612    0
4613    0
4614    0
4615    0
4616    0
4617    0
4618    0
4619    0
4620    0
4621    0
4622    0
4623    0
4624    0
4625    0
4626    0
4627    0
4628    0
4629    0
4630    0
4631    0
4632    0
4633    0
4634    0
4635    0
4636    0
4637    0
4638    0
4639    0
4640    0
4641    0
4642    0
4643    0
4644    0
4645    0
4646    0
4647    0
4648    0
4649    0
4650    0
4651    0
4652    0
4653    0
4654    0
4655    0
4656    0
4657    0
4658    0
4659    0
4660    0
4661    0
4662    0
4663    0
4664    0
4665    0
4666    0
4667    0
4668    0
4669    0
4670    0
4671    0
4672    0
4673    0
4674    0
4675    0
4676    0
4677    0
4678    0
4679    0
4680    0
4681    0
4682    0
4683    0
4684    0
4685    0
4686    0
4687    0
4688    0
4689    0
4690    0
4691    0
4692    0
4693    0
4694    0
4695    0
4696    0
4697    0
4698    0
4699    0
4700    0
4701    0
4702    0
4703    0
4704    0
4705    0
4706    0
4707    0
4708    0
4709    0
4710    0
4711    0
4712    0
4713    0
4714    0
4715    0
4716    0
4717    0
4718    0
4719    0
4720    0
4721    0
4722    0
4723    0
4724    0
4725    0
4726    0
4727    0
4728    0
4729    0
4730    0
4731    0
4732    0
4733    0
4734    0
4735    0
4736    0
4737    0
4738    0
4739    0
4740    0
4741    0
4742    0
4743    0
4744    0
4745    0
4746    0
4747    0
4748    0
4749    0
4750    0
4751    0
4752    0
4753    0
4754    0
4755    0
4756    0
4757    0
4758    0
4759    0
4760    0
4761    0
4762    0
4763    0
4764    0
4765    0
4766    0
4767    0
4768    0
4769    0
4770    0
4771    0
4772    0
4773    0
4774    0
4775    0
4776    0
4777    0
4778    0
4779    0
4780    0
4781    0
4782    0
4783    0
4784    0
4785    0
4786    0
4787    0
4788    0
4789    0
4790    0
4791    0
4792    0
4793    0
4794    0
4795    0
4796    0
4797    0
4798    0
4799    0
4800    0
4801    0
4802    0
4803    0
4804    0
4805    0
4806    0
4807    0
4808    0
4809    0
4810    0
4811    0
4812    0
4813    0
4814    0
4815    0
4816    0
4817    0
4818    0
4819    0
4820    0
4821    0
4822    0
4823    0
4824    0
4825    0
4826    0
4827    0
4828    0
4829    0
4830    0
4831    0
4832    0
4833    0
4834    0
4835    0
4836    0
4837    0
4838    0
4839    0
4840    0
4841    0
4842    0
4843    0
4844    0
4845    0
4846    0
4847    0
4848    0
4849    0
4850    0
4851    0
4852    0
4853    0
4854    0
4855    0
4856    0
4857    0
4858    0
4859    0
4860    0
4861    0
4862    0
4863    0
4864    0
4865    0
4866    0
4867    0
4868    0
4869    0
4870    0
4871    0
4872    0
4873    0
4874    0
4875    0
4876    0
4877    0
4878    0
4879    0
4880    0
4881    0
4882    0
4883    0
4884    0
4885    0
4886    0
4887    0
4888    0
4889    0
4890    0
4891    0
4892    0
4893    0
4894    0
4895    0
4896    0
4897    0
4898    0
4899    0
4900    0
4901    0
4902    0
4903    0
4904    0
4905    0
4906    0
4907    0
4908    0
4909    0
4910    0
4911    0
4912    0
4913    0
4914    0
4915    0
4916    0
4917    0
4918    0
4919    0
4920    0
4921    0
4922    0
4923    0
4924    0
4925    0
4926    0
4927    0
4928    0
4929    0
4930    0
4931    0
4932    0
4933    0
4934    0
4935    0
4936    0
4937    0
4938    0
4939    0
4940    0
4941    0
4942    0
4943    0
4944    0
4945    0
4946    0
4947    0
4948    0
4949    0
4950    0
4951    0
4952    0
4953    0
4954    0
4955    0
4956    0
4957    0
4958    0
4959    0
4960    0
4961    0
4962    0
4963    0
4964    0
4965    0
4966    0
4967    0
4968    0
4969    0
4970    0
4971    0
4972    0
4973    0
4974    0
4975    0
4976    0
4977    0
4978    0
4979    0
4980    0
4981    0
4982    0
4983    0
4984    0
4985    0
4986    0
4987    0
4988    0
4989    0
4990    0
4991    0
4992    0
4993    0
4994    0
4995    0
4996    0
4997    0
4998    0
4999    0
5000    0
