1    0
2    0
3    0
4    0
5    0
6    0
7    0
8    0
9    0
10    0
11    0
12    0
13    0
14    0
15    0
16    0
17    0
18    0
19    0
20    0
21    0
22    0
23    0
24    0
25    0
26    0
27    0
28    0
29    0
30    0
31    0
32    0
33    0
34    0
35    0
36    0
37    0
38    0
39    0
40    0
41    0
42    0
43    0
44    0
45    0
46    0
47    0
48    0
49    0
50    0
51    0
52    0
53    0
54    0
55    0
56    0
57    0
58    0
59    0
60    0
61    0
62    0
63    0
64    0
65    0
66    0
67    0
68    0
69    0
70    0
71    0
72    0
73    0
74    0
75    0
76    0
77    0
78    0
79    0
80    0
81    0
82    0
83    0
84    0
85    0
86    0
87    0
88    0
89    0
90    0
91    0
92    0
93    0
94    0
95    0
96    0
97    0
98    0
99    0
100    0
101    0
102    0
103    0
104    0
105    0
106    0
107    0
108    0
109    0
110    0
111    0
112    0
113    0
114    0
115    0
116    0
117    0
118    0
119    0
120    0
121    0
122    0
123    0
124    0
125    0
126    0
127    0
128    0
129    0
130    0
131    0
132    0
133    0
134    0
135    0
136    0
137    0
138    0
139    0
140    0
141    0
142    0
143    0
144    0
145    0
146    0
147    0
148    0
149    0
150    0
151    0
152    0
153    0
154    0
155    0
156    0
157    0
158    0
159    0
160    0
161    0
162    0
163    0
164    0
165    0
166    0
167    0
168    0
169    0
170    0
171    0
172    0
173    0
174    0
175    0
176    0
177    0
178    0
179    0
180    0
181    0
182    0
183    0
184    0
185    0
186    0
187    0
188    0
189    0
190    0
191    0
192    0
193    0
194    0
195    0
196    0
197    0
198    0
199    0
200    0
201    0
202    0
203    0
204    0
205    0
206    0
207    0
208    0
209    0
210    0
211    0
212    0
213    0
214    0
215    0
216    0
217    0
218    0
219    0
220    0
221    0
222    0
223    0
224    0
225    0
226    0
227    0
228    0
229    0
230    0
231    0
232    0
233    0
234    0
235    0
236    0
237    0
238    0
239    0
240    0
241    0
242    0
243    0
244    0
245    0
246    0
247    0
248    0
249    0
250    0
251    0
252    0
253    0
254    0
255    0
256    0
257    0
258    0
259    0
260    0
261    0
262    0
263    0
264    0
265    0
266    0
267    0
268    0
269    0
270    0
271    0
272    0
273    0
274    0
275    0
276    0
277    0
278    0
279    0
280    0
281    0
282    0
283    0
284    0
285    0
286    0
287    0
288    0
289    1
290    1
291    1
292    1
293    1
294    1
295    1
296    1
297    1
298    1
299    1
300    1
301    1
302    1
303    1
304    1
305    1
306    1
307    3
308    3
309    3
310    3
311    3
312    3
313    3
314    3
315    3
316    3
317    3
318    3
319    3
320    3
321    3
322    3
323    3
324    3
325    2
326    2
327    2
328    2
329    2
330    2
331    2
332    2
333    2
334    2
335    2
336    2
337    2
338    2
339    2
340    2
341    2
342    2
343    3
344    3
345    3
346    3
347    3
348    3
349    3
350    3
351    3
352    3
353    3
354    3
355    3
356    3
357    3
358    3
359    3
360    3
361    4
362    4
363    4
364    4
365    4
366    4
367    4
368    4
369    4
370    4
371    4
372    4
373    4
374    4
375    4
376    4
377    4
378    4
379    2
380    2
381    2
382    2
383    2
384    2
385    2
386    2
387    2
388    2
389    2
390    2
391    2
392    2
393    2
394    2
395    2
396    2
397    1
398    1
399    1
400    1
401    1
402    1
403    1
404    1
405    1
406    1
407    1
408    1
409    1
410    1
411    1
412    1
413    1
414    1
415    2
416    2
417    2
418    2
419    2
420    2
421    2
422    2
423    2
424    2
425    2
426    2
427    2
428    2
429    2
430    2
431    2
432    2
433    3
434    3
435    3
436    3
437    3
438    3
439    3
440    3
441    3
442    3
443    3
444    3
445    3
446    3
447    3
448    3
449    3
450    3
451    4
452    4
453    4
454    4
455    4
456    4
457    4
458    4
459    4
460    4
461    4
462    4
463    4
464    4
465    4
466    4
467    4
468    4
469    4
470    4
471    4
472    4
473    4
474    4
475    4
476    4
477    4
478    4
479    4
480    4
481    4
482    4
483    4
484    4
485    4
486    4
487    4
488    4
489    4
490    4
491    4
492    4
493    4
494    4
495    4
496    4
497    4
498    4
499    4
500    4
501    4
502    4
503    4
504    4
505    4
506    4
507    4
508    4
509    4
510    4
511    4
512    4
513    4
514    4
515    4
516    4
517    4
518    4
519    4
520    4
521    4
522    4
523    2
524    2
525    2
526    2
527    2
528    2
529    2
530    2
531    2
532    2
533    2
534    2
535    2
536    2
537    2
538    2
539    2
540    2
541    3
542    3
543    3
544    3
545    3
546    3
547    3
548    3
549    3
550    3
551    3
552    3
553    3
554    3
555    3
556    3
557    3
558    3
559    2
560    2
561    2
562    2
563    2
564    2
565    2
566    2
567    2
568    2
569    2
570    2
571    2
572    2
573    2
574    2
575    2
576    2
577    2
578    2
579    2
580    2
581    2
582    2
583    2
584    2
585    2
586    2
587    2
588    2
589    2
590    2
591    2
592    2
593    2
594    2
595    2
596    2
597    2
598    2
599    2
600    2
601    2
602    2
603    2
604    2
605    2
606    2
607    2
608    2
609    2
610    2
611    2
612    2
613    4
614    4
615    4
616    4
617    4
618    4
619    4
620    4
621    4
622    4
623    4
624    4
625    4
626    4
627    4
628    4
629    4
630    4
631    6
632    6
633    6
634    6
635    6
636    6
637    6
638    6
639    6
640    6
641    6
642    6
643    6
644    6
645    6
646    6
647    6
648    6
649    5
650    5
651    5
652    5
653    5
654    5
655    5
656    5
657    5
658    5
659    5
660    5
661    5
662    5
663    5
664    5
665    5
666    5
667    5
668    5
669    5
670    5
671    5
672    5
673    5
674    5
675    5
676    5
677    5
678    5
679    5
680    5
681    5
682    5
683    5
684    5
685    5
686    5
687    5
688    5
689    5
690    5
691    5
692    5
693    5
694    5
695    5
696    5
697    5
698    5
699    5
700    5
701    5
702    5
703    5
704    5
705    5
706    5
707    5
708    5
709    5
710    5
711    5
712    5
713    5
714    5
715    5
716    5
717    5
718    5
719    5
720    5
721    7
722    7
723    7
724    7
725    7
726    7
727    7
728    7
729    7
730    7
731    7
732    7
733    7
734    7
735    7
736    7
737    7
738    7
739    8
740    8
741    8
742    8
743    8
744    8
745    8
746    8
747    8
748    8
749    8
750    8
751    8
752    8
753    8
754    8
755    8
756    8
757    11
758    11
759    11
760    11
761    11
762    11
763    11
764    11
765    11
766    11
767    11
768    11
769    11
770    11
771    11
772    11
773    11
774    11
775    10
776    10
777    10
778    10
779    10
780    10
781    10
782    10
783    10
784    10
785    10
786    10
787    10
788    10
789    10
790    10
791    10
792    10
793    17
794    17
795    17
796    17
797    17
798    17
799    17
800    17
801    17
802    17
803    17
804    17
805    17
806    17
807    17
808    17
809    17
810    17
811    11
812    11
813    11
814    11
815    11
816    11
817    11
818    11
819    11
820    11
821    11
822    11
823    11
824    11
825    11
826    11
827    11
828    11
829    10
830    10
831    10
832    10
833    10
834    10
835    10
836    10
837    10
838    10
839    10
840    10
841    10
842    10
843    10
844    10
845    10
846    10
847    9
848    9
849    9
850    9
851    9
852    9
853    9
854    9
855    9
856    9
857    9
858    9
859    9
860    9
861    9
862    9
863    9
864    9
865    10
866    10
867    10
868    10
869    10
870    10
871    10
872    10
873    10
874    10
875    10
876    10
877    10
878    10
879    10
880    10
881    10
882    10
883    11
884    11
885    11
886    11
887    11
888    11
889    11
890    11
891    11
892    11
893    11
894    11
895    11
896    11
897    11
898    11
899    11
900    11
901    11
902    11
903    11
904    11
905    11
906    11
907    11
908    11
909    11
910    11
911    11
912    11
913    11
914    11
915    11
916    11
917    11
918    11
919    13
920    13
921    13
922    13
923    13
924    13
925    13
926    13
927    13
928    13
929    13
930    13
931    13
932    13
933    13
934    13
935    13
936    13
937    16
938    16
939    16
940    16
941    16
942    16
943    16
944    16
945    16
946    16
947    16
948    16
949    16
950    16
951    16
952    16
953    16
954    16
955    7
956    7
957    7
958    7
959    7
960    7
961    7
962    7
963    7
964    7
965    7
966    7
967    7
968    7
969    7
970    7
971    7
972    7
973    12
974    12
975    12
976    12
977    12
978    12
979    12
980    12
981    12
982    12
983    12
984    12
985    12
986    12
987    12
988    12
989    12
990    12
991    13
992    13
993    13
994    13
995    13
996    13
997    13
998    13
999    13
1000    13
1001    13
1002    13
1003    13
1004    13
1005    13
1006    13
1007    13
1008    13
1009    18
1010    18
1011    18
1012    18
1013    18
1014    18
1015    18
1016    18
1017    18
1018    18
1019    18
1020    18
1021    18
1022    18
1023    18
1024    18
1025    18
1026    18
1027    14
1028    14
1029    14
1030    14
1031    14
1032    14
1033    14
1034    14
1035    14
1036    14
1037    14
1038    14
1039    14
1040    14
1041    14
1042    14
1043    14
1044    14
1045    18
1046    18
1047    18
1048    18
1049    18
1050    18
1051    18
1052    18
1053    18
1054    18
1055    18
1056    18
1057    18
1058    18
1059    18
1060    18
1061    18
1062    18
1063    11
1064    11
1065    11
1066    11
1067    11
1068    11
1069    11
1070    11
1071    11
1072    11
1073    11
1074    11
1075    11
1076    11
1077    11
1078    11
1079    11
1080    11
1081    12
1082    12
1083    12
1084    12
1085    12
1086    12
1087    12
1088    12
1089    12
1090    12
1091    12
1092    12
1093    12
1094    12
1095    12
1096    12
1097    12
1098    12
1099    11
1100    11
1101    11
1102    11
1103    11
1104    11
1105    11
1106    11
1107    11
1108    11
1109    11
1110    11
1111    11
1112    11
1113    11
1114    11
1115    11
1116    11
1117    7
1118    7
1119    7
1120    7
1121    7
1122    7
1123    7
1124    7
1125    7
1126    7
1127    7
1128    7
1129    7
1130    7
1131    7
1132    7
1133    7
1134    7
1135    8
1136    8
1137    8
1138    8
1139    8
1140    8
1141    8
1142    8
1143    8
1144    8
1145    8
1146    8
1147    8
1148    8
1149    8
1150    8
1151    8
1152    8
1153    14
1154    14
1155    14
1156    14
1157    14
1158    14
1159    14
1160    14
1161    14
1162    14
1163    14
1164    14
1165    14
1166    14
1167    14
1168    14
1169    14
1170    14
1171    7
1172    7
1173    7
1174    7
1175    7
1176    7
1177    7
1178    7
1179    7
1180    7
1181    7
1182    7
1183    7
1184    7
1185    7
1186    7
1187    7
1188    7
1189    10
1190    10
1191    10
1192    10
1193    10
1194    10
1195    10
1196    10
1197    10
1198    10
1199    10
1200    10
1201    10
1202    10
1203    10
1204    10
1205    10
1206    10
1207    17
1208    17
1209    17
1210    17
1211    17
1212    17
1213    17
1214    17
1215    17
1216    17
1217    17
1218    17
1219    17
1220    17
1221    17
1222    17
1223    17
1224    17
1225    11
1226    11
1227    11
1228    11
1229    11
1230    11
1231    11
1232    11
1233    11
1234    11
1235    11
1236    11
1237    11
1238    11
1239    11
1240    11
1241    11
1242    11
1243    11
1244    11
1245    11
1246    11
1247    11
1248    11
1249    11
1250    11
1251    11
1252    11
1253    11
1254    11
1255    11
1256    11
1257    11
1258    11
1259    11
1260    11
1261    8
1262    8
1263    8
1264    8
1265    8
1266    8
1267    8
1268    8
1269    8
1270    8
1271    8
1272    8
1273    8
1274    8
1275    8
1276    8
1277    8
1278    8
1279    10
1280    10
1281    10
1282    10
1283    10
1284    10
1285    10
1286    10
1287    10
1288    10
1289    10
1290    10
1291    10
1292    10
1293    10
1294    10
1295    10
1296    10
1297    11
1298    11
1299    11
1300    11
1301    11
1302    11
1303    11
1304    11
1305    11
1306    11
1307    11
1308    11
1309    11
1310    11
1311    11
1312    11
1313    11
1314    11
1315    15
1316    15
1317    15
1318    15
1319    15
1320    15
1321    15
1322    15
1323    15
1324    15
1325    15
1326    15
1327    15
1328    15
1329    15
1330    15
1331    15
1332    15
1333    12
1334    12
1335    12
1336    12
1337    12
1338    12
1339    12
1340    12
1341    12
1342    12
1343    12
1344    12
1345    12
1346    12
1347    12
1348    12
1349    12
1350    12
1351    13
1352    13
1353    13
1354    13
1355    13
1356    13
1357    13
1358    13
1359    13
1360    13
1361    13
1362    13
1363    13
1364    13
1365    13
1366    13
1367    13
1368    13
1369    14
1370    14
1371    14
1372    14
1373    14
1374    14
1375    14
1376    14
1377    14
1378    14
1379    14
1380    14
1381    14
1382    14
1383    14
1384    14
1385    14
1386    14
1387    12
1388    12
1389    12
1390    12
1391    12
1392    12
1393    12
1394    12
1395    12
1396    12
1397    12
1398    12
1399    12
1400    12
1401    12
1402    12
1403    12
1404    12
1405    14
1406    14
1407    14
1408    14
1409    14
1410    14
1411    14
1412    14
1413    14
1414    14
1415    14
1416    14
1417    13
1418    13
1419    13
1420    13
1421    13
1422    13
1423    15
1424    15
1425    15
1426    15
1427    15
1428    15
1429    14
1430    14
1431    14
1432    14
1433    14
1434    14
1435    14
1436    14
1437    14
1438    14
1439    14
1440    14
1441    15
1442    15
1443    15
1444    15
1445    15
1446    15
1447    15
1448    15
1449    15
1450    15
1451    15
1452    15
1453    15
1454    15
1455    15
1456    15
1457    15
1458    15
1459    19
1460    19
1461    19
1462    19
1463    19
1464    19
1465    19
1466    19
1467    19
1468    19
1469    19
1470    19
1471    19
1472    19
1473    19
1474    19
1475    19
1476    19
1477    27
1478    27
1479    27
1480    27
1481    27
1482    27
1483    27
1484    27
1485    27
1486    27
1487    27
1488    27
1489    27
1490    27
1491    27
1492    27
1493    27
1494    27
1495    19
1496    19
1497    19
1498    19
1499    19
1500    19
1501    19
1502    19
1503    19
1504    19
1505    19
1506    19
1507    19
1508    19
1509    19
1510    19
1511    19
1512    19
1513    26
1514    26
1515    26
1516    26
1517    26
1518    26
1519    26
1520    26
1521    26
1522    26
1523    26
1524    26
1525    24
1526    24
1527    24
1528    24
1529    24
1530    24
1531    25
1532    25
1533    25
1534    25
1535    25
1536    25
1537    25
1538    25
1539    25
1540    25
1541    25
1542    25
1543    25
1544    25
1545    25
1546    25
1547    25
1548    25
1549    28
1550    28
1551    28
1552    28
1553    28
1554    28
1555    28
1556    28
1557    28
1558    28
1559    28
1560    28
1561    27
1562    27
1563    27
1564    27
1565    27
1566    27
1567    24
1568    24
1569    24
1570    24
1571    24
1572    24
1573    22
1574    22
1575    22
1576    22
1577    22
1578    22
1579    22
1580    22
1581    22
1582    22
1583    22
1584    22
1585    21
1586    21
1587    21
1588    21
1589    21
1590    21
1591    21
1592    21
1593    21
1594    21
1595    21
1596    21
1597    18
1598    18
1599    18
1600    18
1601    18
1602    18
1603    24
1604    24
1605    24
1606    24
1607    24
1608    24
1609    21
1610    21
1611    21
1612    21
1613    21
1614    21
1615    21
1616    21
1617    21
1618    21
1619    21
1620    21
1621    36
1622    36
1623    36
1624    36
1625    36
1626    36
1627    36
1628    36
1629    36
1630    36
1631    36
1632    36
1633    33
1634    33
1635    33
1636    33
1637    33
1638    33
1639    35
1640    35
1641    35
1642    35
1643    35
1644    35
1645    27
1646    27
1647    27
1648    27
1649    27
1650    27
1651    27
1652    27
1653    27
1654    27
1655    27
1656    27
1657    27
1658    27
1659    27
1660    27
1661    27
1662    27
1663    27
1664    27
1665    27
1666    27
1667    27
1668    27
1669    25
1670    25
1671    25
1672    25
1673    25
1674    25
1675    30
1676    30
1677    30
1678    30
1679    30
1680    30
1681    20
1682    20
1683    20
1684    20
1685    20
1686    20
1687    20
1688    20
1689    20
1690    20
1691    20
1692    20
1693    20
1694    20
1695    20
1696    20
1697    20
1698    20
1699    20
1700    20
1701    20
1702    20
1703    20
1704    20
1705    12
1706    12
1707    12
1708    12
1709    12
1710    12
1711    26
1712    26
1713    26
1714    26
1715    26
1716    26
1717    20
1718    20
1719    20
1720    20
1721    20
1722    20
1723    20
1724    20
1725    20
1726    20
1727    20
1728    20
1729    23
1730    23
1731    23
1732    23
1733    23
1734    23
1735    23
1736    23
1737    23
1738    23
1739    23
1740    23
1741    17
1742    17
1743    17
1744    17
1745    17
1746    17
1747    36
1748    36
1749    36
1750    36
1751    36
1752    36
1753    20
1754    20
1755    20
1756    20
1757    20
1758    20
1759    20
1760    20
1761    20
1762    20
1763    20
1764    20
1765    26
1766    26
1767    26
1768    26
1769    26
1770    26
1771    26
1772    26
1773    26
1774    26
1775    26
1776    26
1777    16
1778    16
1779    16
1780    16
1781    16
1782    16
1783    45
1784    45
1785    45
1786    45
1787    45
1788    45
1789    34
1790    34
1791    34
1792    34
1793    34
1794    34
1795    34
1796    34
1797    34
1798    34
1799    34
1800    34
1801    35
1802    35
1803    35
1804    35
1805    35
1806    35
1807    35
1808    35
1809    35
1810    35
1811    35
1812    35
1813    25
1814    25
1815    25
1816    25
1817    25
1818    25
1819    35
1820    35
1821    35
1822    35
1823    35
1824    35
1825    21
1826    21
1827    21
1828    21
1829    21
1830    21
1831    21
1832    21
1833    21
1834    21
1835    21
1836    21
1837    24
1838    24
1839    24
1840    24
1841    24
1842    24
1843    24
1844    24
1845    24
1846    24
1847    24
1848    24
1849    14
1850    14
1851    14
1852    14
1853    14
1854    14
1855    27
1856    27
1857    27
1858    27
1859    27
1860    27
1861    17
1862    17
1863    17
1864    17
1865    17
1866    17
1867    17
1868    17
1869    17
1870    17
1871    17
1872    17
1873    32
1874    32
1875    32
1876    32
1877    32
1878    32
1879    32
1880    32
1881    32
1882    32
1883    32
1884    32
1885    21
1886    21
1887    21
1888    21
1889    21
1890    21
1891    46
1892    46
1893    46
1894    46
1895    46
1896    46
1897    32
1898    32
1899    32
1900    32
1901    32
1902    32
1903    32
1904    32
1905    32
1906    32
1907    32
1908    32
1909    30
1910    30
1911    30
1912    30
1913    30
1914    30
1915    30
1916    30
1917    30
1918    30
1919    30
1920    30
1921    16
1922    16
1923    16
1924    16
1925    16
1926    16
1927    32
1928    32
1929    32
1930    32
1931    32
1932    32
1933    15
1934    15
1935    15
1936    15
1937    15
1938    15
1939    15
1940    15
1941    15
1942    15
1943    15
1944    15
1945    21
1946    21
1947    21
1948    21
1949    21
1950    21
1951    21
1952    21
1953    21
1954    21
1955    21
1956    21
1957    10
1958    10
1959    10
1960    10
1961    10
1962    10
1963    35
1964    35
1965    35
1966    35
1967    35
1968    35
1969    20
1970    20
1971    20
1972    20
1973    20
1974    20
1975    20
1976    20
1977    20
1978    20
1979    20
1980    20
1981    38
1982    38
1983    38
1984    38
1985    38
1986    38
1987    38
1988    38
1989    38
1990    38
1991    38
1992    38
1993    20
1994    20
1995    20
1996    20
1997    20
1998    20
1999    54
2000    54
2001    54
2002    54
2003    54
2004    54
2005    36
2006    36
2007    36
2008    36
2009    36
2010    36
2011    36
2012    36
2013    36
2014    36
2015    36
2016    36
2017    40
2018    40
2019    40
2020    40
2021    40
2022    40
2023    40
2024    40
2025    40
2026    40
2027    40
2028    40
2029    25
2030    25
2031    25
2032    25
2033    25
2034    25
2035    44
2036    44
2037    44
2038    44
2039    44
2040    44
2041    27
2042    27
2043    27
2044    27
2045    27
2046    27
2047    27
2048    27
2049    27
2050    27
2051    27
2052    27
2053    24
2054    24
2055    24
2056    24
2057    24
2058    24
2059    24
2060    24
2061    24
2062    24
2063    24
2064    24
2065    15
2066    15
2067    15
2068    15
2069    15
2070    15
2071    36
2072    36
2073    36
2074    36
2075    36
2076    36
2077    19
2078    19
2079    19
2080    19
2081    19
2082    19
2083    19
2084    19
2085    19
2086    19
2087    19
2088    19
2089    23
2090    23
2091    23
2092    23
2093    23
2094    23
2095    23
2096    23
2097    23
2098    23
2099    23
2100    23
2101    12
2102    12
2103    12
2104    12
2105    12
2106    12
2107    36
2108    36
2109    36
2110    36
2111    36
2112    36
2113    20
2114    20
2115    20
2116    20
2117    20
2118    20
2119    20
2120    20
2121    20
2122    20
2123    20
2124    20
2125    27
2126    27
2127    27
2128    27
2129    27
2130    27
2131    27
2132    27
2133    27
2134    27
2135    27
2136    27
2137    12
2138    12
2139    12
2140    12
2141    12
2142    12
2143    33
2144    33
2145    33
2146    33
2147    33
2148    33
2149    24
2150    24
2151    24
2152    24
2153    24
2154    24
2155    24
2156    24
2157    24
2158    24
2159    24
2160    24
2161    26
2162    26
2163    26
2164    26
2165    26
2166    26
2167    26
2168    26
2169    26
2170    26
2171    26
2172    26
2173    15
2174    15
2175    15
2176    15
2177    15
2178    15
2179    42
2180    42
2181    42
2182    42
2183    42
2184    42
2185    28
2186    28
2187    28
2188    28
2189    28
2190    28
2191    28
2192    28
2193    28
2194    28
2195    28
2196    28
2197    38
2198    38
2199    38
2200    38
2201    38
2202    38
2203    38
2204    38
2205    38
2206    38
2207    38
2208    38
2209    24
2210    24
2211    24
2212    24
2213    24
2214    24
2215    50
2216    50
2217    50
2218    50
2219    50
2220    50
2221    31
2222    31
2223    31
2224    31
2225    31
2226    31
2227    31
2228    31
2229    31
2230    31
2231    31
2232    31
2233    33
2234    33
2235    33
2236    33
2237    33
2238    33
2239    33
2240    33
2241    33
2242    33
2243    33
2244    33
2245    20
2246    20
2247    20
2248    20
2249    20
2250    20
2251    38
2252    38
2253    38
2254    38
2255    38
2256    38
2257    25
2258    25
2259    25
2260    25
2261    25
2262    25
2263    25
2264    25
2265    25
2266    25
2267    25
2268    25
2269    39
2270    39
2271    39
2272    39
2273    39
2274    39
2275    39
2276    39
2277    39
2278    39
2279    39
2280    39
2281    23
2282    23
2283    23
2284    23
2285    23
2286    23
2287    49
2288    49
2289    49
2290    49
2291    49
2292    49
2293    27
2294    27
2295    27
2296    27
2297    27
2298    27
2299    27
2300    27
2301    27
2302    27
2303    27
2304    27
2305    34
2306    34
2307    34
2308    34
2309    34
2310    34
2311    34
2312    34
2313    34
2314    34
2315    34
2316    34
2317    23
2318    23
2319    23
2320    23
2321    23
2322    23
2323    52
2324    52
2325    52
2326    52
2327    52
2328    52
2329    32
2330    32
2331    32
2332    32
2333    32
2334    32
2335    32
2336    32
2337    32
2338    32
2339    32
2340    32
2341    29
2342    29
2343    29
2344    29
2345    29
2346    29
2347    29
2348    29
2349    29
2350    29
2351    29
2352    29
2353    19
2354    19
2355    19
2356    19
2357    19
2358    19
2359    47
2360    47
2361    47
2362    47
2363    47
2364    47
2365    29
2366    29
2367    29
2368    29
2369    29
2370    29
2371    29
2372    29
2373    29
2374    29
2375    29
2376    29
2377    37
2378    37
2379    37
2380    37
2381    37
2382    37
2383    37
2384    37
2385    37
2386    37
2387    37
2388    37
2389    18
2390    18
2391    18
2392    18
2393    18
2394    18
2395    43
2396    43
2397    43
2398    43
2399    43
2400    43
2401    28
2402    28
2403    28
2404    28
2405    28
2406    28
2407    28
2408    28
2409    28
2410    28
2411    28
2412    28
2413    31
2414    31
2415    31
2416    31
2417    31
2418    31
2419    31
2420    31
2421    31
2422    31
2423    31
2424    31
2425    18
2426    18
2427    18
2428    18
2429    18
2430    18
2431    46
2432    46
2433    46
2434    46
2435    46
2436    46
2437    26
2438    26
2439    26
2440    26
2441    26
2442    26
2443    26
2444    26
2445    26
2446    26
2447    26
2448    26
2449    33
2450    33
2451    33
2452    33
2453    33
2454    33
2455    33
2456    33
2457    33
2458    33
2459    33
2460    33
2461    20
2462    20
2463    20
2464    20
2465    20
2466    20
2467    38
2468    38
2469    38
2470    38
2471    38
2472    38
2473    24
2474    24
2475    24
2476    24
2477    24
2478    24
2479    24
2480    24
2481    24
2482    24
2483    24
2484    24
2485    30
2486    30
2487    30
2488    30
2489    30
2490    30
2491    30
2492    30
2493    30
2494    30
2495    30
2496    30
2497    19
2498    19
2499    19
2500    19
2501    19
2502    19
2503    47
2504    47
2505    47
2506    47
2507    47
2508    47
2509    26
2510    26
2511    26
2512    26
2513    26
2514    26
2515    26
2516    26
2517    26
2518    26
2519    26
2520    26
2521    41
2522    41
2523    41
2524    41
2525    41
2526    41
2527    41
2528    41
2529    41
2530    41
2531    41
2532    41
2533    23
2534    23
2535    23
2536    23
2537    23
2538    23
2539    28
2540    28
2541    28
2542    28
2543    28
2544    28
2545    18
2546    18
2547    18
2548    18
2549    18
2550    18
2551    18
2552    18
2553    18
2554    18
2555    18
2556    18
2557    35
2558    35
2559    35
2560    35
2561    35
2562    35
2563    35
2564    35
2565    35
2566    35
2567    35
2568    35
2569    27
2570    27
2571    27
2572    27
2573    27
2574    27
2575    51
2576    51
2577    51
2578    51
2579    51
2580    51
2581    35
2582    35
2583    35
2584    35
2585    35
2586    35
2587    35
2588    35
2589    35
2590    35
2591    35
2592    35
2593    34
2594    34
2595    34
2596    34
2597    34
2598    34
2599    34
2600    34
2601    34
2602    34
2603    34
2604    34
2605    18
2606    18
2607    18
2608    18
2609    18
2610    18
2611    43
2612    43
2613    43
2614    43
2615    43
2616    43
2617    28
2618    28
2619    28
2620    28
2621    28
2622    28
2623    28
2624    28
2625    28
2626    28
2627    28
2628    28
2629    38
2630    38
2631    38
2632    38
2633    38
2634    38
2635    38
2636    38
2637    38
2638    38
2639    38
2640    38
2641    20
2642    20
2643    20
2644    20
2645    20
2646    20
2647    42
2648    42
2649    42
2650    42
2651    42
2652    42
2653    22
2654    22
2655    22
2656    22
2657    22
2658    22
2659    22
2660    22
2661    22
2662    22
2663    22
2664    22
2665    29
2666    29
2667    29
2668    29
2669    29
2670    29
2671    29
2672    29
2673    29
2674    29
2675    29
2676    29
2677    17
2678    17
2679    17
2680    17
2681    17
2682    17
2683    38
2684    38
2685    38
2686    38
2687    38
2688    38
2689    22
2690    22
2691    22
2692    22
2693    22
2694    22
2695    22
2696    22
2697    22
2698    22
2699    22
2700    22
2701    31
2702    31
2703    31
2704    31
2705    31
2706    31
2707    31
2708    31
2709    31
2710    31
2711    31
2712    31
2713    18
2714    18
2715    18
2716    18
2717    18
2718    18
2719    39
2720    39
2721    39
2722    39
2723    39
2724    39
2725    23
2726    23
2727    23
2728    23
2729    23
2730    23
2731    23
2732    23
2733    23
2734    23
2735    23
2736    23
2737    29
2738    29
2739    29
2740    29
2741    29
2742    29
2743    29
2744    29
2745    29
2746    29
2747    29
2748    29
2749    17
2750    17
2751    17
2752    17
2753    17
2754    17
2755    39
2756    39
2757    39
2758    39
2759    39
2760    39
2761    23
2762    23
2763    23
2764    23
2765    23
2766    23
2767    23
2768    23
2769    23
2770    23
2771    23
2772    23
2773    36
2774    36
2775    36
2776    36
2777    36
2778    36
2779    36
2780    36
2781    36
2782    36
2783    36
2784    36
2785    24
2786    24
2787    24
2788    24
2789    24
2790    24
2791    46
2792    46
2793    46
2794    46
2795    46
2796    46
2797    27
2798    27
2799    27
2800    27
2801    27
2802    27
2803    27
2804    27
2805    27
2806    27
2807    27
2808    27
2809    21
2810    21
2811    21
2812    21
2813    21
2814    21
2815    21
2816    21
2817    21
2818    21
2819    21
2820    21
2821    10
2822    10
2823    10
2824    10
2825    10
2826    10
2827    29
2828    29
2829    29
2830    29
2831    29
2832    29
2833    15
2834    15
2835    15
2836    15
2837    15
2838    15
2839    15
2840    15
2841    15
2842    15
2843    15
2844    15
2845    22
2846    22
2847    22
2848    22
2849    22
2850    22
2851    22
2852    22
2853    22
2854    22
2855    22
2856    22
2857    14
2858    14
2859    14
2860    14
2861    14
2862    14
2863    41
2864    41
2865    41
2866    41
2867    41
2868    41
2869    27
2870    27
2871    27
2872    27
2873    27
2874    27
2875    27
2876    27
2877    27
2878    27
2879    27
2880    27
2881    32
2882    32
2883    32
2884    32
2885    32
2886    32
2887    32
2888    32
2889    32
2890    32
2891    32
2892    32
2893    19
2894    19
2895    19
2896    19
2897    19
2898    19
2899    50
2900    50
2901    50
2902    50
2903    50
2904    50
2905    32
2906    32
2907    32
2908    32
2909    32
2910    32
2911    32
2912    32
2913    32
2914    32
2915    32
2916    32
2917    31
2918    31
2919    31
2920    31
2921    31
2922    31
2923    31
2924    31
2925    31
2926    31
2927    31
2928    31
2929    18
2930    18
2931    18
2932    18
2933    18
2934    18
2935    52
2936    52
2937    52
2938    52
2939    52
2940    52
2941    32
2942    32
2943    32
2944    32
2945    32
2946    32
2947    32
2948    32
2949    32
2950    32
2951    32
2952    32
2953    37
2954    37
2955    37
2956    37
2957    37
2958    37
2959    37
2960    37
2961    37
2962    37
2963    37
2964    37
2965    19
2966    19
2967    19
2968    19
2969    19
2970    19
2971    45
2972    45
2973    45
2974    45
2975    45
2976    45
2977    24
2978    24
2979    24
2980    24
2981    24
2982    24
2983    24
2984    24
2985    24
2986    24
2987    24
2988    24
2989    37
2990    37
2991    37
2992    37
2993    37
2994    37
2995    37
2996    37
2997    37
2998    37
2999    37
3000    37
3001    23
3002    23
3003    23
3004    23
3005    23
3006    23
3007    37
3008    37
3009    37
3010    37
3011    37
3012    37
3013    17
3014    17
3015    17
3016    17
3017    17
3018    17
3019    17
3020    17
3021    17
3022    17
3023    17
3024    17
3025    31
3026    31
3027    31
3028    31
3029    31
3030    31
3031    31
3032    31
3033    31
3034    31
3035    31
3036    31
3037    15
3038    15
3039    15
3040    15
3041    15
3042    15
3043    40
3044    40
3045    40
3046    40
3047    40
3048    40
3049    24
3050    24
3051    24
3052    24
3053    24
3054    24
3055    24
3056    24
3057    24
3058    24
3059    24
3060    24
3061    35
3062    35
3063    35
3064    35
3065    35
3066    35
3067    35
3068    35
3069    35
3070    35
3071    35
3072    35
3073    23
3074    23
3075    23
3076    23
3077    23
3078    23
3079    60
3080    60
3081    60
3082    60
3083    60
3084    60
3085    41
3086    41
3087    41
3088    41
3089    41
3090    41
3091    41
3092    41
3093    41
3094    41
3095    41
3096    41
3097    28
3098    28
3099    28
3100    28
3101    28
3102    28
3103    28
3104    28
3105    28
3106    28
3107    28
3108    28
3109    14
3110    14
3111    14
3112    14
3113    14
3114    14
3115    42
3116    42
3117    42
3118    42
3119    42
3120    42
3121    23
3122    23
3123    23
3124    23
3125    23
3126    23
3127    23
3128    23
3129    23
3130    23
3131    23
3132    23
3133    34
3134    34
3135    34
3136    34
3137    34
3138    34
3139    34
3140    34
3141    34
3142    34
3143    34
3144    34
3145    16
3146    16
3147    16
3148    16
3149    16
3150    16
3151    41
3152    41
3153    41
3154    41
3155    41
3156    41
3157    28
3158    28
3159    28
3160    28
3161    28
3162    28
3163    28
3164    28
3165    28
3166    28
3167    28
3168    28
3169    29
3170    29
3171    29
3172    29
3173    29
3174    29
3175    29
3176    29
3177    29
3178    29
3179    29
3180    29
3181    15
3182    15
3183    15
3184    15
3185    15
3186    15
3187    43
3188    43
3189    43
3190    43
3191    43
3192    43
3193    30
3194    30
3195    30
3196    30
3197    30
3198    30
3199    30
3200    30
3201    30
3202    30
3203    30
3204    30
3205    43
3206    43
3207    43
3208    43
3209    43
3210    43
3211    43
3212    43
3213    43
3214    43
3215    43
3216    43
3217    25
3218    25
3219    25
3220    25
3221    25
3222    25
3223    60
3224    60
3225    60
3226    60
3227    60
3228    60
3229    36
3230    36
3231    36
3232    36
3233    36
3234    36
3235    36
3236    36
3237    36
3238    36
3239    36
3240    36
3241    44
3242    44
3243    44
3244    44
3245    44
3246    44
3247    44
3248    44
3249    44
3250    44
3251    44
3252    44
3253    27
3254    27
3255    27
3256    27
3257    27
3258    27
3259    61
3260    61
3261    61
3262    61
3263    61
3264    61
3265    39
3266    39
3267    39
3268    39
3269    39
3270    39
3271    39
3272    39
3273    39
3274    39
3275    39
3276    39
3277    48
3278    48
3279    48
3280    48
3281    48
3282    48
3283    48
3284    48
3285    48
3286    48
3287    48
3288    48
3289    30
3290    30
3291    30
3292    30
3293    30
3294    30
3295    56
3296    56
3297    56
3298    56
3299    56
3300    56
3301    30
3302    30
3303    30
3304    30
3305    30
3306    30
3307    30
3308    30
3309    30
3310    30
3311    30
3312    30
3313    35
3314    35
3315    35
3316    35
3317    35
3318    35
3319    35
3320    35
3321    35
3322    35
3323    35
3324    35
3325    21
3326    21
3327    21
3328    21
3329    21
3330    21
3331    43
3332    43
3333    43
3334    43
3335    43
3336    43
3337    28
3338    28
3339    28
3340    28
3341    28
3342    28
3343    28
3344    28
3345    28
3346    28
3347    28
3348    28
3349    31
3350    31
3351    31
3352    31
3353    31
3354    31
3355    31
3356    31
3357    31
3358    31
3359    31
3360    31
3361    15
3362    15
3363    15
3364    15
3365    15
3366    15
3367    44
3368    44
3369    44
3370    44
3371    44
3372    44
3373    22
3374    22
3375    22
3376    22
3377    22
3378    22
3379    22
3380    22
3381    22
3382    22
3383    22
3384    22
3385    25
3386    25
3387    25
3388    25
3389    25
3390    25
3391    25
3392    25
3393    25
3394    25
3395    25
3396    25
3397    15
3398    15
3399    15
3400    15
3401    15
3402    15
3403    44
3404    44
3405    44
3406    44
3407    44
3408    44
3409    27
3410    27
3411    27
3412    27
3413    27
3414    27
3415    27
3416    27
3417    27
3418    27
3419    27
3420    27
3421    34
3422    34
3423    34
3424    34
3425    34
3426    34
3427    34
3428    34
3429    34
3430    34
3431    34
3432    34
3433    20
3434    20
3435    20
3436    20
3437    20
3438    20
3439    43
3440    43
3441    43
3442    43
3443    43
3444    43
3445    22
3446    22
3447    22
3448    22
3449    22
3450    22
3451    22
3452    22
3453    22
3454    22
3455    22
3456    22
3457    24
3458    24
3459    24
3460    24
3461    24
3462    24
3463    24
3464    24
3465    24
3466    24
3467    24
3468    24
3469    14
3470    14
3471    14
3472    14
3473    14
3474    14
3475    35
3476    35
3477    35
3478    35
3479    35
3480    35
3481    20
3482    20
3483    20
3484    20
3485    20
3486    20
3487    20
3488    20
3489    20
3490    20
3491    20
3492    20
3493    31
3494    31
3495    31
3496    31
3497    31
3498    31
3499    31
3500    31
3501    31
3502    31
3503    31
3504    31
3505    19
3506    19
3507    19
3508    19
3509    19
3510    19
3511    48
3512    48
3513    48
3514    48
3515    48
3516    48
3517    29
3518    29
3519    29
3520    29
3521    29
3522    29
3523    29
3524    29
3525    29
3526    29
3527    29
3528    29
3529    40
3530    40
3531    40
3532    40
3533    40
3534    40
3535    40
3536    40
3537    40
3538    40
3539    40
3540    40
3541    26
3542    26
3543    26
3544    26
3545    26
3546    26
3547    53
3548    53
3549    53
3550    53
3551    53
3552    53
3553    26
3554    26
3555    26
3556    26
3557    26
3558    26
3559    26
3560    26
3561    26
3562    26
3563    26
3564    26
3565    31
3566    31
3567    31
3568    31
3569    31
3570    31
3571    31
3572    31
3573    31
3574    31
3575    31
3576    31
3577    14
3578    14
3579    14
3580    14
3581    14
3582    14
3583    45
3584    45
3585    45
3586    45
3587    45
3588    45
3589    27
3590    27
3591    27
3592    27
3593    27
3594    27
3595    27
3596    27
3597    27
3598    27
3599    27
3600    27
3601    38
3602    38
3603    38
3604    38
3605    38
3606    38
3607    38
3608    38
3609    38
3610    38
3611    38
3612    38
3613    23
3614    23
3615    23
3616    23
3617    23
3618    23
3619    40
3620    40
3621    40
3622    40
3623    40
3624    40
3625    24
3626    24
3627    24
3628    24
3629    24
3630    24
3631    24
3632    24
3633    24
3634    24
3635    24
3636    24
3637    38
3638    38
3639    38
3640    38
3641    38
3642    38
3643    38
3644    38
3645    38
3646    38
3647    38
3648    38
3649    25
3650    25
3651    25
3652    25
3653    25
3654    25
3655    46
3656    46
3657    46
3658    46
3659    46
3660    46
3661    27
3662    27
3663    27
3664    27
3665    27
3666    27
3667    27
3668    27
3669    27
3670    27
3671    27
3672    27
3673    32
3674    32
3675    32
3676    32
3677    32
3678    32
3679    32
3680    32
3681    32
3682    32
3683    32
3684    32
3685    20
3686    20
3687    20
3688    20
3689    20
3690    20
3691    42
3692    42
3693    42
3694    42
3695    42
3696    42
3697    23
3698    23
3699    23
3700    23
3701    23
3702    23
3703    23
3704    23
3705    23
3706    23
3707    23
3708    23
3709    36
3710    36
3711    36
3712    36
3713    36
3714    36
3715    36
3716    36
3717    36
3718    36
3719    36
3720    36
3721    23
3722    23
3723    23
3724    23
3725    23
3726    23
3727    50
3728    50
3729    50
3730    50
3731    50
3732    50
3733    35
3734    35
3735    35
3736    35
3737    35
3738    35
3739    35
3740    35
3741    35
3742    35
3743    35
3744    35
3745    31
3746    31
3747    31
3748    31
3749    31
3750    31
3751    31
3752    31
3753    31
3754    31
3755    31
3756    31
3757    16
3758    16
3759    16
3760    16
3761    16
3762    16
3763    46
3764    46
3765    46
3766    46
3767    46
3768    46
3769    22
3770    22
3771    22
3772    22
3773    22
3774    22
3775    22
3776    22
3777    22
3778    22
3779    22
3780    22
3781    37
3782    37
3783    37
3784    37
3785    37
3786    37
3787    37
3788    37
3789    37
3790    37
3791    37
3792    37
3793    14
3794    14
3795    14
3796    14
3797    14
3798    14
3799    39
3800    39
3801    39
3802    39
3803    39
3804    39
3805    25
3806    25
3807    25
3808    25
3809    25
3810    25
3811    25
3812    25
3813    25
3814    25
3815    25
3816    25
3817    30
3818    30
3819    30
3820    30
3821    30
3822    30
3823    30
3824    30
3825    30
3826    30
3827    30
3828    30
3829    19
3830    19
3831    19
3832    19
3833    19
3834    19
3835    45
3836    45
3837    45
3838    45
3839    45
3840    45
3841    32
3842    32
3843    32
3844    32
3845    32
3846    32
3847    32
3848    32
3849    32
3850    32
3851    32
3852    32
3853    36
3854    36
3855    36
3856    36
3857    36
3858    36
3859    36
3860    36
3861    36
3862    36
3863    36
3864    36
3865    24
3866    24
3867    24
3868    24
3869    24
3870    24
3871    48
3872    48
3873    48
3874    48
3875    48
3876    48
3877    28
3878    28
3879    28
3880    28
3881    28
3882    28
3883    28
3884    28
3885    28
3886    28
3887    28
3888    28
3889    24
3890    24
3891    24
3892    24
3893    24
3894    24
3895    24
3896    24
3897    24
3898    24
3899    24
3900    24
3901    11
3902    11
3903    11
3904    11
3905    11
3906    11
3907    31
3908    31
3909    31
3910    31
3911    31
3912    31
3913    20
3914    20
3915    20
3916    20
3917    20
3918    20
3919    20
3920    20
3921    20
3922    20
3923    20
3924    20
3925    29
3926    29
3927    29
3928    29
3929    29
3930    29
3931    29
3932    29
3933    29
3934    29
3935    29
3936    29
3937    16
3938    16
3939    16
3940    16
3941    16
3942    16
3943    44
3944    44
3945    44
3946    44
3947    44
3948    44
3949    25
3950    25
3951    25
3952    25
3953    25
3954    25
3955    25
3956    25
3957    25
3958    25
3959    25
3960    25
3961    35
3962    35
3963    35
3964    35
3965    35
3966    35
3967    35
3968    35
3969    35
3970    35
3971    35
3972    35
3973    18
3974    18
3975    18
3976    18
3977    18
3978    18
3979    50
3980    50
3981    50
3982    50
3983    50
3984    50
3985    32
3986    32
3987    32
3988    32
3989    32
3990    32
3991    32
3992    32
3993    32
3994    32
3995    32
3996    32
3997    29
3998    29
3999    29
4000    29
4001    29
4002    29
4003    29
4004    29
4005    29
4006    29
4007    29
4008    29
4009    15
4010    15
4011    15
4012    15
4013    15
4014    15
4015    32
4016    32
4017    32
4018    32
4019    32
4020    32
4021    18
4022    18
4023    18
4024    18
4025    18
4026    18
4027    18
4028    18
4029    18
4030    18
4031    18
4032    18
4033    37
4034    37
4035    37
4036    37
4037    37
4038    37
4039    37
4040    37
4041    37
4042    37
4043    37
4044    37
4045    19
4046    19
4047    19
4048    19
4049    19
4050    19
4051    46
4052    46
4053    46
4054    46
4055    46
4056    46
4057    24
4058    24
4059    24
4060    24
4061    24
4062    24
4063    24
4064    24
4065    24
4066    24
4067    24
4068    24
4069    30
4070    30
4071    30
4072    30
4073    30
4074    30
4075    30
4076    30
4077    30
4078    30
4079    30
4080    30
4081    15
4082    15
4083    15
4084    15
4085    15
4086    15
4087    40
4088    40
4089    40
4090    40
4091    40
4092    40
4093    26
4094    26
4095    26
4096    26
4097    26
4098    26
4099    26
4100    26
4101    26
4102    26
4103    26
4104    26
4105    31
4106    31
4107    31
4108    31
4109    31
4110    31
4111    31
4112    31
4113    31
4114    31
4115    31
4116    31
4117    21
4118    21
4119    21
4120    21
4121    21
4122    21
4123    40
4124    40
4125    40
4126    40
4127    40
4128    40
4129    26
4130    26
4131    26
4132    26
4133    26
4134    26
4135    26
4136    26
4137    26
4138    26
4139    26
4140    26
4141    27
4142    27
4143    27
4144    27
4145    27
4146    27
4147    27
4148    27
4149    27
4150    27
4151    27
4152    27
4153    15
4154    15
4155    15
4156    15
4157    15
4158    15
4159    50
4160    50
4161    50
4162    50
4163    50
4164    50
4165    28
4166    28
4167    28
4168    28
4169    28
4170    28
4171    28
4172    28
4173    28
4174    28
4175    28
4176    28
4177    23
4178    23
4179    23
4180    23
4181    23
4182    23
4183    23
4184    23
4185    23
4186    23
4187    23
4188    23
4189    16
4190    16
4191    16
4192    16
4193    16
4194    16
4195    33
4196    33
4197    33
4198    33
4199    33
4200    33
4201    23
4202    23
4203    23
4204    23
4205    23
4206    23
4207    23
4208    23
4209    23
4210    23
4211    23
4212    23
4213    28
4214    28
4215    28
4216    28
4217    28
4218    28
4219    28
4220    28
4221    28
4222    28
4223    28
4224    28
4225    14
4226    14
4227    14
4228    14
4229    14
4230    14
4231    35
4232    35
4233    35
4234    35
4235    35
4236    35
4237    21
4238    21
4239    21
4240    21
4241    21
4242    21
4243    21
4244    21
4245    21
4246    21
4247    21
4248    21
4249    24
4250    24
4251    24
4252    24
4253    24
4254    24
4255    24
4256    24
4257    24
4258    24
4259    24
4260    24
4261    19
4262    19
4263    19
4264    19
4265    19
4266    19
4267    40
4268    40
4269    40
4270    40
4271    40
4272    40
4273    18
4274    18
4275    18
4276    18
4277    18
4278    18
4279    18
4280    18
4281    18
4282    18
4283    18
4284    18
4285    23
4286    23
4287    23
4288    23
4289    23
4290    23
4291    23
4292    23
4293    23
4294    23
4295    23
4296    23
4297    8
4298    8
4299    8
4300    8
4301    8
4302    8
4303    26
4304    26
4305    26
4306    26
4307    26
4308    26
4309    13
4310    13
4311    13
4312    13
4313    13
4314    13
4315    13
4316    13
4317    13
4318    13
4319    13
4320    13
4321    28
4322    28
4323    28
4324    28
4325    28
4326    28
4327    28
4328    28
4329    28
4330    28
4331    28
4332    28
4333    18
4334    18
4335    18
4336    18
4337    18
4338    18
4339    37
4340    37
4341    37
4342    37
4343    37
4344    37
4345    18
4346    18
4347    18
4348    18
4349    18
4350    18
4351    18
4352    18
4353    18
4354    18
4355    18
4356    18
4357    41
4358    41
4359    41
4360    41
4361    41
4362    41
4363    41
4364    41
4365    41
4366    41
4367    41
4368    41
4369    23
4370    23
4371    23
4372    23
4373    23
4374    23
4375    47
4376    47
4377    47
4378    47
4379    47
4380    47
4381    27
4382    27
4383    27
4384    27
4385    27
4386    27
4387    27
4388    27
4389    27
4390    27
4391    27
4392    27
4393    27
4394    27
4395    27
4396    27
4397    27
4398    27
4399    27
4400    27
4401    27
4402    27
4403    27
4404    27
4405    14
4406    14
4407    14
4408    14
4409    14
4410    14
4411    30
4412    30
4413    30
4414    30
4415    30
4416    30
4417    22
4418    22
4419    22
4420    22
4421    22
4422    22
4423    22
4424    22
4425    22
4426    22
4427    22
4428    22
4429    30
4430    30
4431    30
4432    30
4433    30
4434    30
4435    30
4436    30
4437    30
4438    30
4439    30
4440    30
4441    15
4442    15
4443    15
4444    15
4445    15
4446    15
4447    38
4448    38
4449    38
4450    38
4451    38
4452    38
4453    27
4454    27
4455    27
4456    27
4457    27
4458    27
4459    27
4460    27
4461    27
4462    27
4463    27
4464    27
4465    25
4466    25
4467    25
4468    25
4469    25
4470    25
4471    25
4472    25
4473    25
4474    25
4475    25
4476    25
4477    17
4478    17
4479    17
4480    17
4481    17
4482    17
4483    38
4484    38
4485    38
4486    38
4487    38
4488    38
4489    20
4490    20
4491    20
4492    20
4493    20
4494    20
4495    20
4496    20
4497    20
4498    20
4499    20
4500    20
4501    17
4502    17
4503    17
4504    17
4505    17
4506    17
4507    17
4508    17
4509    17
4510    17
4511    17
4512    17
4513    12
4514    12
4515    12
4516    12
4517    12
4518    12
4519    36
4520    36
4521    36
4522    36
4523    36
4524    36
4525    20
4526    20
4527    20
4528    20
4529    20
4530    20
4531    20
4532    20
4533    20
4534    20
4535    20
4536    20
4537    29
4538    29
4539    29
4540    29
4541    29
4542    29
4543    29
4544    29
4545    29
4546    29
4547    29
4548    29
4549    12
4550    12
4551    12
4552    12
4553    12
4554    12
4555    42
4556    42
4557    42
4558    42
4559    42
4560    42
4561    27
4562    27
4563    27
4564    27
4565    27
4566    27
4567    27
4568    27
4569    27
4570    27
4571    27
4572    27
4573    29
4574    29
4575    29
4576    29
4577    29
4578    29
4579    29
4580    29
4581    29
4582    29
4583    29
4584    29
4585    16
4586    16
4587    16
4588    16
4589    16
4590    16
4591    36
4592    36
4593    36
4594    36
4595    36
4596    36
4597    23
4598    23
4599    23
4600    23
4601    23
4602    23
4603    23
4604    23
4605    23
4606    23
4607    23
4608    23
4609    30
4610    30
4611    30
4612    30
4613    30
4614    30
4615    30
4616    30
4617    30
4618    30
4619    30
4620    30
4621    19
4622    19
4623    19
4624    19
4625    19
4626    19
4627    40
4628    40
4629    40
4630    40
4631    40
4632    40
4633    26
4634    26
4635    26
4636    26
4637    26
4638    26
4639    26
4640    26
4641    26
4642    26
4643    26
4644    26
4645    36
4646    36
4647    36
4648    36
4649    36
4650    36
4651    36
4652    36
4653    36
4654    36
4655    36
4656    36
4657    24
4658    24
4659    24
4660    24
4661    24
4662    24
4663    46
4664    46
4665    46
4666    46
4667    46
4668    46
4669    30
4670    30
4671    30
4672    30
4673    30
4674    30
4675    30
4676    30
4677    30
4678    30
4679    30
4680    30
4681    25
4682    25
4683    25
4684    25
4685    25
4686    25
4687    25
4688    25
4689    25
4690    25
4691    25
4692    25
4693    18
4694    18
4695    18
4696    18
4697    18
4698    18
4699    44
4700    44
4701    44
4702    44
4703    44
4704    44
4705    28
4706    28
4707    28
4708    28
4709    28
4710    28
4711    28
4712    28
4713    28
4714    28
4715    28
4716    28
4717    34
4718    34
4719    34
4720    34
4721    34
4722    34
4723    34
4724    34
4725    34
4726    34
4727    34
4728    34
4729    20
4730    20
4731    20
4732    20
4733    20
4734    20
4735    56
4736    56
4737    56
4738    56
4739    56
4740    56
4741    34
4742    34
4743    34
4744    34
4745    34
4746    34
4747    34
4748    34
4749    34
4750    34
4751    34
4752    34
4753    45
4754    45
4755    45
4756    45
4757    45
4758    45
4759    45
4760    45
4761    45
4762    45
4763    45
4764    45
4765    23
4766    23
4767    23
4768    23
4769    23
4770    23
4771    47
4772    47
4773    47
4774    47
4775    47
4776    47
4777    29
4778    29
4779    29
4780    29
4781    29
4782    29
4783    29
4784    29
4785    29
4786    29
4787    29
4788    29
4789    37
4790    37
4791    37
4792    37
4793    37
4794    37
4795    37
4796    37
4797    37
4798    37
4799    37
4800    37
4801    24
4802    24
4803    24
4804    24
4805    24
4806    24
4807    51
4808    51
4809    51
4810    51
4811    51
4812    51
4813    27
4814    27
4815    27
4816    27
4817    27
4818    27
4819    27
4820    27
4821    27
4822    27
4823    27
4824    27
4825    37
4826    37
4827    37
4828    37
4829    37
4830    37
4831    37
4832    37
4833    37
4834    37
4835    37
4836    37
4837    22
4838    22
4839    22
4840    22
4841    22
4842    22
4843    41
4844    41
4845    41
4846    41
4847    41
4848    41
4849    26
4850    26
4851    26
4852    26
4853    26
4854    26
4855    26
4856    26
4857    26
4858    26
4859    26
4860    26
4861    32
4862    32
4863    32
4864    32
4865    32
4866    32
4867    32
4868    32
4869    32
4870    32
4871    32
4872    32
4873    18
4874    18
4875    18
4876    18
4877    18
4878    18
4879    41
4880    41
4881    41
4882    41
4883    41
4884    41
4885    24
4886    24
4887    24
4888    24
4889    24
4890    24
4891    24
4892    24
4893    24
4894    24
4895    24
4896    24
4897    30
4898    30
4899    30
4900    30
4901    30
4902    30
4903    30
4904    30
4905    30
4906    30
4907    30
4908    30
4909    23
4910    23
4911    23
4912    23
4913    23
4914    23
4915    47
4916    47
4917    47
4918    47
4919    47
4920    47
4921    30
4922    30
4923    30
4924    30
4925    30
4926    30
4927    30
4928    30
4929    30
4930    30
4931    30
4932    30
4933    39
4934    39
4935    39
4936    39
4937    39
4938    39
4939    39
4940    39
4941    39
4942    39
4943    39
4944    39
4945    21
4946    21
4947    21
4948    21
4949    21
4950    21
4951    50
4952    50
4953    50
4954    50
4955    50
4956    50
4957    32
4958    32
4959    32
4960    32
4961    32
4962    32
4963    32
4964    32
4965    32
4966    32
4967    32
4968    32
4969    33
4970    33
4971    33
4972    33
4973    33
4974    33
4975    33
4976    33
4977    33
4978    33
4979    33
4980    33
4981    18
4982    18
4983    18
4984    18
4985    18
4986    18
4987    42
4988    42
4989    42
4990    42
4991    42
4992    42
4993    25
4994    25
4995    25
4996    25
4997    25
4998    25
4999    25
5000    25
