1    0
2    0
3    0
4    0
5    0
6    0
7    0
8    0
9    0
10    0
11    0
12    0
13    0
14    0
15    0
16    0
17    0
18    0
19    131
20    131
21    131
22    131
23    131
24    131
25    131
26    131
27    131
28    131
29    131
30    131
31    131
32    131
33    131
34    131
35    131
36    131
37    237
38    237
39    237
40    237
41    237
42    237
43    237
44    237
45    237
46    237
47    237
48    237
49    237
50    237
51    237
52    237
53    237
54    237
55    351
56    351
57    351
58    351
59    351
60    351
61    351
62    351
63    351
64    351
65    351
66    351
67    351
68    351
69    351
70    351
71    351
72    351
73    424
74    424
75    424
76    424
77    424
78    424
79    424
80    424
81    424
82    424
83    424
84    424
85    424
86    424
87    424
88    424
89    424
90    424
91    550
92    550
93    550
94    550
95    550
96    550
97    550
98    550
99    550
100    550
101    550
102    550
103    550
104    550
105    550
106    550
107    550
108    550
109    624
110    624
111    624
112    624
113    624
114    624
115    624
116    624
117    624
118    624
119    624
120    624
121    624
122    624
123    624
124    624
125    624
126    624
127    712
128    712
129    712
130    712
131    712
132    712
133    712
134    712
135    712
136    712
137    712
138    712
139    712
140    712
141    712
142    712
143    712
144    712
145    819
146    819
147    819
148    819
149    819
150    819
151    819
152    819
153    819
154    819
155    819
156    819
157    819
158    819
159    819
160    819
161    819
162    819
163    883
164    883
165    883
166    883
167    883
168    883
169    883
170    883
171    883
172    883
173    883
174    883
175    883
176    883
177    883
178    883
179    883
180    883
181    918
182    918
183    918
184    918
185    918
186    918
187    918
188    918
189    918
190    918
191    918
192    918
193    918
194    918
195    918
196    918
197    918
198    918
199    1004
200    1004
201    1004
202    1004
203    1004
204    1004
205    1004
206    1004
207    1004
208    1004
209    1004
210    1004
211    1004
212    1004
213    1004
214    1004
215    1004
216    1004
217    1058
218    1058
219    1058
220    1058
221    1058
222    1058
223    1058
224    1058
225    1058
226    1058
227    1058
228    1058
229    1058
230    1058
231    1058
232    1058
233    1058
234    1058
235    1089
236    1089
237    1089
238    1089
239    1089
240    1089
241    1089
242    1089
243    1089
244    1089
245    1089
246    1089
247    1089
248    1089
249    1089
250    1089
251    1089
252    1089
253    1127
254    1127
255    1127
256    1127
257    1127
258    1127
259    1127
260    1127
261    1127
262    1127
263    1127
264    1127
265    1127
266    1127
267    1127
268    1127
269    1127
270    1127
271    1168
272    1168
273    1168
274    1168
275    1168
276    1168
277    1168
278    1168
279    1168
280    1168
281    1168
282    1168
283    1168
284    1168
285    1168
286    1168
287    1168
288    1168
289    1233
290    1233
291    1233
292    1233
293    1233
294    1233
295    1233
296    1233
297    1233
298    1233
299    1233
300    1233
301    1233
302    1233
303    1233
304    1233
305    1233
306    1233
307    1296
308    1296
309    1296
310    1296
311    1296
312    1296
313    1296
314    1296
315    1296
316    1296
317    1296
318    1296
319    1296
320    1296
321    1296
322    1296
323    1296
324    1296
325    1311
326    1311
327    1311
328    1311
329    1311
330    1311
331    1311
332    1311
333    1311
334    1311
335    1311
336    1311
337    1311
338    1311
339    1311
340    1311
341    1311
342    1311
343    1315
344    1315
345    1315
346    1315
347    1315
348    1315
349    1315
350    1315
351    1315
352    1315
353    1315
354    1315
355    1315
356    1315
357    1315
358    1315
359    1315
360    1315
361    1347
362    1347
363    1347
364    1347
365    1347
366    1347
367    1347
368    1347
369    1347
370    1347
371    1347
372    1347
373    1347
374    1347
375    1347
376    1347
377    1347
378    1347
379    1384
380    1384
381    1384
382    1384
383    1384
384    1384
385    1384
386    1384
387    1384
388    1384
389    1384
390    1384
391    1384
392    1384
393    1384
394    1384
395    1384
396    1384
397    1429
398    1429
399    1429
400    1429
401    1429
402    1429
403    1429
404    1429
405    1429
406    1429
407    1429
408    1429
409    1429
410    1429
411    1429
412    1429
413    1429
414    1429
415    1442
416    1442
417    1442
418    1442
419    1442
420    1442
421    1442
422    1442
423    1442
424    1442
425    1442
426    1442
427    1442
428    1442
429    1442
430    1442
431    1442
432    1442
433    1464
434    1464
435    1464
436    1464
437    1464
438    1464
439    1464
440    1464
441    1464
442    1464
443    1464
444    1464
445    1464
446    1464
447    1464
448    1464
449    1464
450    1464
451    1471
452    1471
453    1471
454    1471
455    1471
456    1471
457    1471
458    1471
459    1471
460    1471
461    1471
462    1471
463    1471
464    1471
465    1471
466    1471
467    1471
468    1471
469    1494
470    1494
471    1494
472    1494
473    1494
474    1494
475    1494
476    1494
477    1494
478    1494
479    1494
480    1494
481    1494
482    1494
483    1494
484    1494
485    1494
486    1494
487    1458
488    1458
489    1458
490    1458
491    1458
492    1458
493    1458
494    1458
495    1458
496    1458
497    1458
498    1458
499    1458
500    1458
501    1458
502    1458
503    1458
504    1458
505    1480
506    1480
507    1480
508    1480
509    1480
510    1480
511    1480
512    1480
513    1480
514    1480
515    1480
516    1480
517    1480
518    1480
519    1480
520    1480
521    1480
522    1480
523    1511
524    1511
525    1511
526    1511
527    1511
528    1511
529    1511
530    1511
531    1511
532    1511
533    1511
534    1511
535    1511
536    1511
537    1511
538    1511
539    1511
540    1511
541    1547
542    1547
543    1547
544    1547
545    1547
546    1547
547    1547
548    1547
549    1547
550    1547
551    1547
552    1547
553    1547
554    1547
555    1547
556    1547
557    1547
558    1547
559    1534
560    1534
561    1534
562    1534
563    1534
564    1534
565    1534
566    1534
567    1534
568    1534
569    1534
570    1534
571    1534
572    1534
573    1534
574    1534
575    1534
576    1534
577    1592
578    1592
579    1592
580    1592
581    1592
582    1592
583    1592
584    1592
585    1592
586    1592
587    1592
588    1592
589    1592
590    1592
591    1592
592    1592
593    1592
594    1592
595    1629
596    1629
597    1629
598    1629
599    1629
600    1629
601    1629
602    1629
603    1629
604    1629
605    1629
606    1629
607    1629
608    1629
609    1629
610    1629
611    1629
612    1629
613    1591
614    1591
615    1591
616    1591
617    1591
618    1591
619    1591
620    1591
621    1591
622    1591
623    1591
624    1591
625    1591
626    1591
627    1591
628    1591
629    1591
630    1591
631    1589
632    1589
633    1589
634    1589
635    1589
636    1589
637    1589
638    1589
639    1589
640    1589
641    1589
642    1589
643    1589
644    1589
645    1589
646    1589
647    1589
648    1589
649    1600
650    1600
651    1600
652    1600
653    1600
654    1600
655    1600
656    1600
657    1600
658    1600
659    1600
660    1600
661    1600
662    1600
663    1600
664    1600
665    1600
666    1600
667    1593
668    1593
669    1593
670    1593
671    1593
672    1593
673    1593
674    1593
675    1593
676    1593
677    1593
678    1593
679    1593
680    1593
681    1593
682    1593
683    1593
684    1593
685    1594
686    1594
687    1594
688    1594
689    1594
690    1594
691    1594
692    1594
693    1594
694    1594
695    1594
696    1594
697    1594
698    1594
699    1594
700    1594
701    1594
702    1594
703    1577
704    1577
705    1577
706    1577
707    1577
708    1577
709    1577
710    1577
711    1577
712    1577
713    1577
714    1577
715    1577
716    1577
717    1577
718    1577
719    1577
720    1577
721    1571
722    1571
723    1571
724    1571
725    1571
726    1571
727    1571
728    1571
729    1571
730    1571
731    1571
732    1571
733    1571
734    1571
735    1571
736    1571
737    1571
738    1571
739    1536
740    1536
741    1536
742    1536
743    1536
744    1536
745    1536
746    1536
747    1536
748    1536
749    1536
750    1536
751    1536
752    1536
753    1536
754    1536
755    1536
756    1536
757    1558
758    1558
759    1558
760    1558
761    1558
762    1558
763    1558
764    1558
765    1558
766    1558
767    1558
768    1558
769    1558
770    1558
771    1558
772    1558
773    1558
774    1558
775    1599
776    1599
777    1599
778    1599
779    1599
780    1599
781    1599
782    1599
783    1599
784    1599
785    1599
786    1599
787    1599
788    1599
789    1599
790    1599
791    1599
792    1599
793    1606
794    1606
795    1606
796    1606
797    1606
798    1606
799    1606
800    1606
801    1606
802    1606
803    1606
804    1606
805    1606
806    1606
807    1606
808    1606
809    1606
810    1606
811    1617
812    1617
813    1617
814    1617
815    1617
816    1617
817    1617
818    1617
819    1617
820    1617
821    1617
822    1617
823    1617
824    1617
825    1617
826    1617
827    1617
828    1617
829    1620
830    1620
831    1620
832    1620
833    1620
834    1620
835    1620
836    1620
837    1620
838    1620
839    1620
840    1620
841    1620
842    1620
843    1620
844    1620
845    1620
846    1620
847    1580
848    1580
849    1580
850    1580
851    1580
852    1580
853    1580
854    1580
855    1580
856    1580
857    1580
858    1580
859    1580
860    1580
861    1580
862    1580
863    1580
864    1580
865    1565
866    1565
867    1565
868    1565
869    1565
870    1565
871    1565
872    1565
873    1565
874    1565
875    1565
876    1565
877    1565
878    1565
879    1565
880    1565
881    1565
882    1565
883    1569
884    1569
885    1569
886    1569
887    1569
888    1569
889    1569
890    1569
891    1569
892    1569
893    1569
894    1569
895    1569
896    1569
897    1569
898    1569
899    1569
900    1569
901    1549
902    1549
903    1549
904    1549
905    1549
906    1549
907    1549
908    1549
909    1549
910    1549
911    1549
912    1549
913    1549
914    1549
915    1549
916    1549
917    1549
918    1549
919    1551
920    1551
921    1551
922    1551
923    1551
924    1551
925    1551
926    1551
927    1551
928    1551
929    1551
930    1551
931    1551
932    1551
933    1551
934    1551
935    1551
936    1551
937    1561
938    1561
939    1561
940    1561
941    1561
942    1561
943    1561
944    1561
945    1561
946    1561
947    1561
948    1561
949    1561
950    1561
951    1561
952    1561
953    1561
954    1561
955    1523
956    1523
957    1523
958    1523
959    1523
960    1523
961    1523
962    1523
963    1523
964    1523
965    1523
966    1523
967    1523
968    1523
969    1523
970    1523
971    1523
972    1523
973    1500
974    1500
975    1500
976    1500
977    1500
978    1500
979    1500
980    1500
981    1500
982    1500
983    1500
984    1500
985    1500
986    1500
987    1500
988    1500
989    1500
990    1500
991    1535
992    1535
993    1535
994    1535
995    1535
996    1535
997    1535
998    1535
999    1535
1000    1535
1001    1535
1002    1535
1003    1535
1004    1535
1005    1535
1006    1535
1007    1535
1008    1535
1009    1573
1010    1573
1011    1573
1012    1573
1013    1573
1014    1573
1015    1573
1016    1573
1017    1573
1018    1573
1019    1573
1020    1573
1021    1573
1022    1573
1023    1573
1024    1573
1025    1573
1026    1573
1027    1617
1028    1617
1029    1617
1030    1617
1031    1617
1032    1617
1033    1617
1034    1617
1035    1617
1036    1617
1037    1617
1038    1617
1039    1617
1040    1617
1041    1617
1042    1617
1043    1617
1044    1617
1045    1617
1046    1617
1047    1617
1048    1617
1049    1617
1050    1617
1051    1617
1052    1617
1053    1617
1054    1617
1055    1617
1056    1617
1057    1617
1058    1617
1059    1617
1060    1617
1061    1617
1062    1617
1063    1616
1064    1616
1065    1616
1066    1616
1067    1616
1068    1616
1069    1616
1070    1616
1071    1616
1072    1616
1073    1616
1074    1616
1075    1616
1076    1616
1077    1616
1078    1616
1079    1616
1080    1616
1081    1626
1082    1626
1083    1626
1084    1626
1085    1626
1086    1626
1087    1626
1088    1626
1089    1626
1090    1626
1091    1626
1092    1626
1093    1625
1094    1625
1095    1625
1096    1625
1097    1625
1098    1625
1099    1625
1100    1625
1101    1625
1102    1625
1103    1625
1104    1625
1105    1625
1106    1625
1107    1625
1108    1625
1109    1625
1110    1625
1111    1625
1112    1625
1113    1625
1114    1625
1115    1625
1116    1625
1117    1616
1118    1616
1119    1616
1120    1616
1121    1616
1122    1616
1123    1616
1124    1616
1125    1616
1126    1616
1127    1616
1128    1616
1129    1614
1130    1614
1131    1614
1132    1614
1133    1614
1134    1614
1135    1583
1136    1583
1137    1583
1138    1583
1139    1583
1140    1583
1141    1582
1142    1582
1143    1582
1144    1582
1145    1582
1146    1582
1147    1582
1148    1582
1149    1582
1150    1582
1151    1582
1152    1582
1153    1575
1154    1575
1155    1575
1156    1575
1157    1575
1158    1575
1159    1575
1160    1575
1161    1575
1162    1575
1163    1575
1164    1575
1165    1574
1166    1574
1167    1574
1168    1574
1169    1574
1170    1574
1171    1597
1172    1597
1173    1597
1174    1597
1175    1597
1176    1597
1177    1596
1178    1596
1179    1596
1180    1596
1181    1596
1182    1596
1183    1596
1184    1596
1185    1596
1186    1596
1187    1596
1188    1596
1189    1606
1190    1606
1191    1606
1192    1606
1193    1606
1194    1606
1195    1606
1196    1606
1197    1606
1198    1606
1199    1606
1200    1606
1201    1603
1202    1603
1203    1603
1204    1603
1205    1603
1206    1603
1207    1593
1208    1593
1209    1593
1210    1593
1211    1593
1212    1593
1213    1592
1214    1592
1215    1592
1216    1592
1217    1592
1218    1592
1219    1592
1220    1592
1221    1592
1222    1592
1223    1592
1224    1592
1225    1633
1226    1633
1227    1633
1228    1633
1229    1633
1230    1633
1231    1633
1232    1633
1233    1633
1234    1633
1235    1633
1236    1633
1237    1630
1238    1630
1239    1630
1240    1630
1241    1630
1242    1630
1243    1635
1244    1635
1245    1635
1246    1635
1247    1635
1248    1635
1249    1632
1250    1632
1251    1632
1252    1632
1253    1632
1254    1632
1255    1632
1256    1632
1257    1632
1258    1632
1259    1632
1260    1632
1261    1627
1262    1627
1263    1627
1264    1627
1265    1627
1266    1627
1267    1627
1268    1627
1269    1627
1270    1627
1271    1627
1272    1627
1273    1620
1274    1620
1275    1620
1276    1620
1277    1620
1278    1620
1279    1600
1280    1600
1281    1600
1282    1600
1283    1600
1284    1600
1285    1597
1286    1597
1287    1597
1288    1597
1289    1597
1290    1597
1291    1597
1292    1597
1293    1597
1294    1597
1295    1597
1296    1597
1297    1600
1298    1600
1299    1600
1300    1600
1301    1600
1302    1600
1303    1600
1304    1600
1305    1600
1306    1600
1307    1600
1308    1600
1309    1589
1310    1589
1311    1589
1312    1589
1313    1589
1314    1589
1315    1568
1316    1568
1317    1568
1318    1568
1319    1568
1320    1568
1321    1564
1322    1564
1323    1564
1324    1564
1325    1564
1326    1564
1327    1564
1328    1564
1329    1564
1330    1564
1331    1564
1332    1564
1333    1569
1334    1569
1335    1569
1336    1569
1337    1569
1338    1569
1339    1569
1340    1569
1341    1569
1342    1569
1343    1569
1344    1569
1345    1563
1346    1563
1347    1563
1348    1563
1349    1563
1350    1563
1351    1590
1352    1590
1353    1590
1354    1590
1355    1590
1356    1590
1357    1583
1358    1583
1359    1583
1360    1583
1361    1583
1362    1583
1363    1583
1364    1583
1365    1583
1366    1583
1367    1583
1368    1583
1369    1589
1370    1589
1371    1589
1372    1589
1373    1589
1374    1589
1375    1589
1376    1589
1377    1589
1378    1589
1379    1589
1380    1589
1381    1577
1382    1577
1383    1577
1384    1577
1385    1577
1386    1577
1387    1572
1388    1572
1389    1572
1390    1572
1391    1572
1392    1572
1393    1556
1394    1556
1395    1556
1396    1556
1397    1556
1398    1556
1399    1556
1400    1556
1401    1556
1402    1556
1403    1556
1404    1556
1405    1569
1406    1569
1407    1569
1408    1569
1409    1569
1410    1569
1411    1569
1412    1569
1413    1569
1414    1569
1415    1569
1416    1569
1417    1555
1418    1555
1419    1555
1420    1555
1421    1555
1422    1555
1423    1541
1424    1541
1425    1541
1426    1541
1427    1541
1428    1541
1429    1517
1430    1517
1431    1517
1432    1517
1433    1517
1434    1517
1435    1517
1436    1517
1437    1517
1438    1517
1439    1517
1440    1517
1441    1561
1442    1561
1443    1561
1444    1561
1445    1561
1446    1561
1447    1561
1448    1561
1449    1561
1450    1561
1451    1561
1452    1561
1453    1537
1454    1537
1455    1537
1456    1537
1457    1537
1458    1537
1459    1542
1460    1542
1461    1542
1462    1542
1463    1542
1464    1542
1465    1514
1466    1514
1467    1514
1468    1514
1469    1514
1470    1514
1471    1514
1472    1514
1473    1514
1474    1514
1475    1514
1476    1514
1477    1477
1478    1477
1479    1477
1480    1477
1481    1477
1482    1477
1483    1477
1484    1477
1485    1477
1486    1477
1487    1477
1488    1477
1489    1433
1490    1433
1491    1433
1492    1433
1493    1433
1494    1433
1495    1442
1496    1442
1497    1442
1498    1442
1499    1442
1500    1442
1501    1397
1502    1397
1503    1397
1504    1397
1505    1397
1506    1397
1507    1397
1508    1397
1509    1397
1510    1397
1511    1397
1512    1397
1513    1415
1514    1415
1515    1415
1516    1415
1517    1415
1518    1415
1519    1415
1520    1415
1521    1415
1522    1415
1523    1415
1524    1415
1525    1335
1526    1335
1527    1335
1528    1335
1529    1335
1530    1335
1531    1342
1532    1342
1533    1342
1534    1342
1535    1342
1536    1342
1537    1279
1538    1279
1539    1279
1540    1279
1541    1279
1542    1279
1543    1279
1544    1279
1545    1279
1546    1279
1547    1279
1548    1279
1549    1269
1550    1269
1551    1269
1552    1269
1553    1269
1554    1269
1555    1269
1556    1269
1557    1269
1558    1269
1559    1269
1560    1269
1561    1159
1562    1159
1563    1159
1564    1159
1565    1159
1566    1159
1567    1261
1568    1261
1569    1261
1570    1261
1571    1261
1572    1261
1573    1173
1574    1173
1575    1173
1576    1173
1577    1173
1578    1173
1579    1173
1580    1173
1581    1173
1582    1173
1583    1173
1584    1173
1585    1203
1586    1203
1587    1203
1588    1203
1589    1203
1590    1203
1591    1203
1592    1203
1593    1203
1594    1203
1595    1203
1596    1203
1597    1072
1598    1072
1599    1072
1600    1072
1601    1072
1602    1072
1603    1229
1604    1229
1605    1229
1606    1229
1607    1229
1608    1229
1609    1089
1610    1089
1611    1089
1612    1089
1613    1089
1614    1089
1615    1089
1616    1089
1617    1089
1618    1089
1619    1089
1620    1089
1621    1101
1622    1101
1623    1101
1624    1101
1625    1101
1626    1101
1627    1101
1628    1101
1629    1101
1630    1101
1631    1101
1632    1101
1633    920
1634    920
1635    920
1636    920
1637    920
1638    920
1639    1107
1640    1107
1641    1107
1642    1107
1643    1107
1644    1107
1645    937
1646    937
1647    937
1648    937
1649    937
1650    937
1651    937
1652    937
1653    937
1654    937
1655    937
1656    937
1657    911
1658    911
1659    911
1660    911
1661    911
1662    911
1663    911
1664    911
1665    911
1666    911
1667    911
1668    911
1669    680
1670    680
1671    680
1672    680
1673    680
1674    680
1675    878
1676    878
1677    878
1678    878
1679    878
1680    878
1681    694
1682    694
1683    694
1684    694
1685    694
1686    694
1687    694
1688    694
1689    694
1690    694
1691    694
1692    694
1693    694
1694    694
1695    694
1696    694
1697    694
1698    694
1699    694
1700    694
1701    694
1702    694
1703    694
1704    694
1705    504
1706    504
1707    504
1708    504
1709    504
1710    504
1711    678
1712    678
1713    678
1714    678
1715    678
1716    678
1717    492
1718    492
1719    492
1720    492
1721    492
1722    492
1723    492
1724    492
1725    492
1726    492
1727    492
1728    492
1729    484
1730    484
1731    484
1732    484
1733    484
1734    484
1735    484
1736    484
1737    484
1738    484
1739    484
1740    484
1741    336
1742    336
1743    336
1744    336
1745    336
1746    336
1747    508
1748    508
1749    508
1750    508
1751    508
1752    508
1753    351
1754    351
1755    351
1756    351
1757    351
1758    351
1759    351
1760    351
1761    351
1762    351
1763    351
1764    351
1765    333
1766    333
1767    333
1768    333
1769    333
1770    333
1771    333
1772    333
1773    333
1774    333
1775    333
1776    333
1777    228
1778    228
1779    228
1780    228
1781    228
1782    228
1783    347
1784    347
1785    347
1786    347
1787    347
1788    347
1789    234
1790    234
1791    234
1792    234
1793    234
1794    234
1795    234
1796    234
1797    234
1798    234
1799    234
1800    234
1801    251
1802    251
1803    251
1804    251
1805    251
1806    251
1807    251
1808    251
1809    251
1810    251
1811    251
1812    251
1813    149
1814    149
1815    149
1816    149
1817    149
1818    149
1819    229
1820    229
1821    229
1822    229
1823    229
1824    229
1825    141
1826    141
1827    141
1828    141
1829    141
1830    141
1831    141
1832    141
1833    141
1834    141
1835    141
1836    141
1837    124
1838    124
1839    124
1840    124
1841    124
1842    124
1843    124
1844    124
1845    124
1846    124
1847    124
1848    124
1849    72
1850    72
1851    72
1852    72
1853    72
1854    72
1855    115
1856    115
1857    115
1858    115
1859    115
1860    115
1861    66
1862    66
1863    66
1864    66
1865    66
1866    66
1867    66
1868    66
1869    66
1870    66
1871    66
1872    66
1873    65
1874    65
1875    65
1876    65
1877    65
1878    65
1879    65
1880    65
1881    65
1882    65
1883    65
1884    65
1885    44
1886    44
1887    44
1888    44
1889    44
1890    44
1891    73
1892    73
1893    73
1894    73
1895    73
1896    73
1897    44
1898    44
1899    44
1900    44
1901    44
1902    44
1903    44
1904    44
1905    44
1906    44
1907    44
1908    44
1909    51
1910    51
1911    51
1912    51
1913    51
1914    51
1915    51
1916    51
1917    51
1918    51
1919    51
1920    51
1921    33
1922    33
1923    33
1924    33
1925    33
1926    33
1927    49
1928    49
1929    49
1930    49
1931    49
1932    49
1933    30
1934    30
1935    30
1936    30
1937    30
1938    30
1939    30
1940    30
1941    30
1942    30
1943    30
1944    30
1945    32
1946    32
1947    32
1948    32
1949    32
1950    32
1951    32
1952    32
1953    32
1954    32
1955    32
1956    32
1957    19
1958    19
1959    19
1960    19
1961    19
1962    19
1963    35
1964    35
1965    35
1966    35
1967    35
1968    35
1969    24
1970    24
1971    24
1972    24
1973    24
1974    24
1975    24
1976    24
1977    24
1978    24
1979    24
1980    24
1981    21
1982    21
1983    21
1984    21
1985    21
1986    21
1987    21
1988    21
1989    21
1990    21
1991    21
1992    21
1993    11
1994    11
1995    11
1996    11
1997    11
1998    11
1999    19
2000    19
2001    19
2002    19
2003    19
2004    19
2005    13
2006    13
2007    13
2008    13
2009    13
2010    13
2011    13
2012    13
2013    13
2014    13
2015    13
2016    13
2017    13
2018    13
2019    13
2020    13
2021    13
2022    13
2023    13
2024    13
2025    13
2026    13
2027    13
2028    13
2029    7
2030    7
2031    7
2032    7
2033    7
2034    7
2035    11
2036    11
2037    11
2038    11
2039    11
2040    11
2041    7
2042    7
2043    7
2044    7
2045    7
2046    7
2047    7
2048    7
2049    7
2050    7
2051    7
2052    7
2053    9
2054    9
2055    9
2056    9
2057    9
2058    9
2059    9
2060    9
2061    9
2062    9
2063    9
2064    9
2065    7
2066    7
2067    7
2068    7
2069    7
2070    7
2071    10
2072    10
2073    10
2074    10
2075    10
2076    10
2077    6
2078    6
2079    6
2080    6
2081    6
2082    6
2083    6
2084    6
2085    6
2086    6
2087    6
2088    6
2089    9
2090    9
2091    9
2092    9
2093    9
2094    9
2095    9
2096    9
2097    9
2098    9
2099    9
2100    9
2101    3
2102    3
2103    3
2104    3
2105    3
2106    3
2107    4
2108    4
2109    4
2110    4
2111    4
2112    4
2113    3
2114    3
2115    3
2116    3
2117    3
2118    3
2119    3
2120    3
2121    3
2122    3
2123    3
2124    3
2125    4
2126    4
2127    4
2128    4
2129    4
2130    4
2131    4
2132    4
2133    4
2134    4
2135    4
2136    4
2137    1
2138    1
2139    1
2140    1
2141    1
2142    1
2143    2
2144    2
2145    2
2146    2
2147    2
2148    2
2149    1
2150    1
2151    1
2152    1
2153    1
2154    1
2155    1
2156    1
2157    1
2158    1
2159    1
2160    1
2161    2
2162    2
2163    2
2164    2
2165    2
2166    2
2167    2
2168    2
2169    2
2170    2
2171    2
2172    2
2173    0
2174    0
2175    0
2176    0
2177    0
2178    0
2179    0
2180    0
2181    0
2182    0
2183    0
2184    0
2185    0
2186    0
2187    0
2188    0
2189    0
2190    0
2191    0
2192    0
2193    0
2194    0
2195    0
2196    0
2197    0
2198    0
2199    0
2200    0
2201    0
2202    0
2203    0
2204    0
2205    0
2206    0
2207    0
2208    0
2209    0
2210    0
2211    0
2212    0
2213    0
2214    0
2215    0
2216    0
2217    0
2218    0
2219    0
2220    0
2221    0
2222    0
2223    0
2224    0
2225    0
2226    0
2227    0
2228    0
2229    0
2230    0
2231    0
2232    0
2233    0
2234    0
2235    0
2236    0
2237    0
2238    0
2239    0
2240    0
2241    0
2242    0
2243    0
2244    0
2245    0
2246    0
2247    0
2248    0
2249    0
2250    0
2251    0
2252    0
2253    0
2254    0
2255    0
2256    0
2257    0
2258    0
2259    0
2260    0
2261    0
2262    0
2263    0
2264    0
2265    0
2266    0
2267    0
2268    0
2269    0
2270    0
2271    0
2272    0
2273    0
2274    0
2275    0
2276    0
2277    0
2278    0
2279    0
2280    0
2281    0
2282    0
2283    0
2284    0
2285    0
2286    0
2287    0
2288    0
2289    0
2290    0
2291    0
2292    0
2293    0
2294    0
2295    0
2296    0
2297    0
2298    0
2299    0
2300    0
2301    0
2302    0
2303    0
2304    0
2305    0
2306    0
2307    0
2308    0
2309    0
2310    0
2311    0
2312    0
2313    0
2314    0
2315    0
2316    0
2317    0
2318    0
2319    0
2320    0
2321    0
2322    0
2323    0
2324    0
2325    0
2326    0
2327    0
2328    0
2329    0
2330    0
2331    0
2332    0
2333    0
2334    0
2335    0
2336    0
2337    0
2338    0
2339    0
2340    0
2341    0
2342    0
2343    0
2344    0
2345    0
2346    0
2347    0
2348    0
2349    0
2350    0
2351    0
2352    0
2353    0
2354    0
2355    0
2356    0
2357    0
2358    0
2359    0
2360    0
2361    0
2362    0
2363    0
2364    0
2365    0
2366    0
2367    0
2368    0
2369    0
2370    0
2371    0
2372    0
2373    0
2374    0
2375    0
2376    0
2377    0
2378    0
2379    0
2380    0
2381    0
2382    0
2383    0
2384    0
2385    0
2386    0
2387    0
2388    0
2389    0
2390    0
2391    0
2392    0
2393    0
2394    0
2395    0
2396    0
2397    0
2398    0
2399    0
2400    0
2401    0
2402    0
2403    0
2404    0
2405    0
2406    0
2407    0
2408    0
2409    0
2410    0
2411    0
2412    0
2413    0
2414    0
2415    0
2416    0
2417    0
2418    0
2419    0
2420    0
2421    0
2422    0
2423    0
2424    0
2425    0
2426    0
2427    0
2428    0
2429    0
2430    0
2431    0
2432    0
2433    0
2434    0
2435    0
2436    0
2437    0
2438    0
2439    0
2440    0
2441    0
2442    0
2443    0
2444    0
2445    0
2446    0
2447    0
2448    0
2449    0
2450    0
2451    0
2452    0
2453    0
2454    0
2455    0
2456    0
2457    0
2458    0
2459    0
2460    0
2461    0
2462    0
2463    0
2464    0
2465    0
2466    0
2467    0
2468    0
2469    0
2470    0
2471    0
2472    0
2473    0
2474    0
2475    0
2476    0
2477    0
2478    0
2479    0
2480    0
2481    0
2482    0
2483    0
2484    0
2485    0
2486    0
2487    0
2488    0
2489    0
2490    0
2491    0
2492    0
2493    0
2494    0
2495    0
2496    0
2497    0
2498    0
2499    0
2500    0
2501    0
2502    0
2503    0
2504    0
2505    0
2506    0
2507    0
2508    0
2509    0
2510    0
2511    0
2512    0
2513    0
2514    0
2515    0
2516    0
2517    0
2518    0
2519    0
2520    0
2521    0
2522    0
2523    0
2524    0
2525    0
2526    0
2527    0
2528    0
2529    0
2530    0
2531    0
2532    0
2533    0
2534    0
2535    0
2536    0
2537    0
2538    0
2539    0
2540    0
2541    0
2542    0
2543    0
2544    0
2545    0
2546    0
2547    0
2548    0
2549    0
2550    0
2551    0
2552    0
2553    0
2554    0
2555    0
2556    0
2557    0
2558    0
2559    0
2560    0
2561    0
2562    0
2563    0
2564    0
2565    0
2566    0
2567    0
2568    0
2569    0
2570    0
2571    0
2572    0
2573    0
2574    0
2575    0
2576    0
2577    0
2578    0
2579    0
2580    0
2581    0
2582    0
2583    0
2584    0
2585    0
2586    0
2587    0
2588    0
2589    0
2590    0
2591    0
2592    0
2593    0
2594    0
2595    0
2596    0
2597    0
2598    0
2599    0
2600    0
2601    0
2602    0
2603    0
2604    0
2605    0
2606    0
2607    0
2608    0
2609    0
2610    0
2611    0
2612    0
2613    0
2614    0
2615    0
2616    0
2617    0
2618    0
2619    0
2620    0
2621    0
2622    0
2623    0
2624    0
2625    0
2626    0
2627    0
2628    0
2629    0
2630    0
2631    0
2632    0
2633    0
2634    0
2635    0
2636    0
2637    0
2638    0
2639    0
2640    0
2641    0
2642    0
2643    0
2644    0
2645    0
2646    0
2647    0
2648    0
2649    0
2650    0
2651    0
2652    0
2653    0
2654    0
2655    0
2656    0
2657    0
2658    0
2659    0
2660    0
2661    0
2662    0
2663    0
2664    0
2665    0
2666    0
2667    0
2668    0
2669    0
2670    0
2671    0
2672    0
2673    0
2674    0
2675    0
2676    0
2677    0
2678    0
2679    0
2680    0
2681    0
2682    0
2683    0
2684    0
2685    0
2686    0
2687    0
2688    0
2689    0
2690    0
2691    0
2692    0
2693    0
2694    0
2695    0
2696    0
2697    0
2698    0
2699    0
2700    0
2701    0
2702    0
2703    0
2704    0
2705    0
2706    0
2707    0
2708    0
2709    0
2710    0
2711    0
2712    0
2713    0
2714    0
2715    0
2716    0
2717    0
2718    0
2719    0
2720    0
2721    0
2722    0
2723    0
2724    0
2725    0
2726    0
2727    0
2728    0
2729    0
2730    0
2731    0
2732    0
2733    0
2734    0
2735    0
2736    0
2737    0
2738    0
2739    0
2740    0
2741    0
2742    0
2743    0
2744    0
2745    0
2746    0
2747    0
2748    0
2749    0
2750    0
2751    0
2752    0
2753    0
2754    0
2755    0
2756    0
2757    0
2758    0
2759    0
2760    0
2761    0
2762    0
2763    0
2764    0
2765    0
2766    0
2767    0
2768    0
2769    0
2770    0
2771    0
2772    0
2773    0
2774    0
2775    0
2776    0
2777    0
2778    0
2779    0
2780    0
2781    0
2782    0
2783    0
2784    0
2785    0
2786    0
2787    0
2788    0
2789    0
2790    0
2791    0
2792    0
2793    0
2794    0
2795    0
2796    0
2797    0
2798    0
2799    0
2800    0
2801    0
2802    0
2803    0
2804    0
2805    0
2806    0
2807    0
2808    0
2809    0
2810    0
2811    0
2812    0
2813    0
2814    0
2815    0
2816    0
2817    0
2818    0
2819    0
2820    0
2821    0
2822    0
2823    0
2824    0
2825    0
2826    0
2827    0
2828    0
2829    0
2830    0
2831    0
2832    0
2833    0
2834    0
2835    0
2836    0
2837    0
2838    0
2839    0
2840    0
2841    0
2842    0
2843    0
2844    0
2845    0
2846    0
2847    0
2848    0
2849    0
2850    0
2851    0
2852    0
2853    0
2854    0
2855    0
2856    0
2857    0
2858    0
2859    0
2860    0
2861    0
2862    0
2863    0
2864    0
2865    0
2866    0
2867    0
2868    0
2869    0
2870    0
2871    0
2872    0
2873    0
2874    0
2875    0
2876    0
2877    0
2878    0
2879    0
2880    0
2881    0
2882    0
2883    0
2884    0
2885    0
2886    0
2887    0
2888    0
2889    0
2890    0
2891    0
2892    0
2893    0
2894    0
2895    0
2896    0
2897    0
2898    0
2899    0
2900    0
2901    0
2902    0
2903    0
2904    0
2905    0
2906    0
2907    0
2908    0
2909    0
2910    0
2911    0
2912    0
2913    0
2914    0
2915    0
2916    0
2917    0
2918    0
2919    0
2920    0
2921    0
2922    0
2923    0
2924    0
2925    0
2926    0
2927    0
2928    0
2929    0
2930    0
2931    0
2932    0
2933    0
2934    0
2935    0
2936    0
2937    0
2938    0
2939    0
2940    0
2941    0
2942    0
2943    0
2944    0
2945    0
2946    0
2947    0
2948    0
2949    0
2950    0
2951    0
2952    0
2953    0
2954    0
2955    0
2956    0
2957    0
2958    0
2959    0
2960    0
2961    0
2962    0
2963    0
2964    0
2965    0
2966    0
2967    0
2968    0
2969    0
2970    0
2971    0
2972    0
2973    0
2974    0
2975    0
2976    0
2977    0
2978    0
2979    0
2980    0
2981    0
2982    0
2983    0
2984    0
2985    0
2986    0
2987    0
2988    0
2989    0
2990    0
2991    0
2992    0
2993    0
2994    0
2995    0
2996    0
2997    0
2998    0
2999    0
3000    0
3001    0
3002    0
3003    0
3004    0
3005    0
3006    0
3007    0
3008    0
3009    0
3010    0
3011    0
3012    0
3013    0
3014    0
3015    0
3016    0
3017    0
3018    0
3019    0
3020    0
3021    0
3022    0
3023    0
3024    0
3025    0
3026    0
3027    0
3028    0
3029    0
3030    0
3031    0
3032    0
3033    0
3034    0
3035    0
3036    0
3037    0
3038    0
3039    0
3040    0
3041    0
3042    0
3043    0
3044    0
3045    0
3046    0
3047    0
3048    0
3049    0
3050    0
3051    0
3052    0
3053    0
3054    0
3055    0
3056    0
3057    0
3058    0
3059    0
3060    0
3061    0
3062    0
3063    0
3064    0
3065    0
3066    0
3067    0
3068    0
3069    0
3070    0
3071    0
3072    0
3073    0
3074    0
3075    0
3076    0
3077    0
3078    0
3079    0
3080    0
3081    0
3082    0
3083    0
3084    0
3085    0
3086    0
3087    0
3088    0
3089    0
3090    0
3091    0
3092    0
3093    0
3094    0
3095    0
3096    0
3097    0
3098    0
3099    0
3100    0
3101    0
3102    0
3103    0
3104    0
3105    0
3106    0
3107    0
3108    0
3109    0
3110    0
3111    0
3112    0
3113    0
3114    0
3115    0
3116    0
3117    0
3118    0
3119    0
3120    0
3121    0
3122    0
3123    0
3124    0
3125    0
3126    0
3127    0
3128    0
3129    0
3130    0
3131    0
3132    0
3133    0
3134    0
3135    0
3136    0
3137    0
3138    0
3139    0
3140    0
3141    0
3142    0
3143    0
3144    0
3145    0
3146    0
3147    0
3148    0
3149    0
3150    0
3151    0
3152    0
3153    0
3154    0
3155    0
3156    0
3157    0
3158    0
3159    0
3160    0
3161    0
3162    0
3163    0
3164    0
3165    0
3166    0
3167    0
3168    0
3169    0
3170    0
3171    0
3172    0
3173    0
3174    0
3175    0
3176    0
3177    0
3178    0
3179    0
3180    0
3181    0
3182    0
3183    0
3184    0
3185    0
3186    0
3187    0
3188    0
3189    0
3190    0
3191    0
3192    0
3193    0
3194    0
3195    0
3196    0
3197    0
3198    0
3199    0
3200    0
3201    0
3202    0
3203    0
3204    0
3205    0
3206    0
3207    0
3208    0
3209    0
3210    0
3211    0
3212    0
3213    0
3214    0
3215    0
3216    0
3217    0
3218    0
3219    0
3220    0
3221    0
3222    0
3223    0
3224    0
3225    0
3226    0
3227    0
3228    0
3229    0
3230    0
3231    0
3232    0
3233    0
3234    0
3235    0
3236    0
3237    0
3238    0
3239    0
3240    0
3241    0
3242    0
3243    0
3244    0
3245    0
3246    0
3247    0
3248    0
3249    0
3250    0
3251    0
3252    0
3253    0
3254    0
3255    0
3256    0
3257    0
3258    0
3259    0
3260    0
3261    0
3262    0
3263    0
3264    0
3265    0
3266    0
3267    0
3268    0
3269    0
3270    0
3271    0
3272    0
3273    0
3274    0
3275    0
3276    0
3277    0
3278    0
3279    0
3280    0
3281    0
3282    0
3283    0
3284    0
3285    0
3286    0
3287    0
3288    0
3289    0
3290    0
3291    0
3292    0
3293    0
3294    0
3295    0
3296    0
3297    0
3298    0
3299    0
3300    0
3301    0
3302    0
3303    0
3304    0
3305    0
3306    0
3307    0
3308    0
3309    0
3310    0
3311    0
3312    0
3313    0
3314    0
3315    0
3316    0
3317    0
3318    0
3319    0
3320    0
3321    0
3322    0
3323    0
3324    0
3325    0
3326    0
3327    0
3328    0
3329    0
3330    0
3331    0
3332    0
3333    0
3334    0
3335    0
3336    0
3337    0
3338    0
3339    0
3340    0
3341    0
3342    0
3343    0
3344    0
3345    0
3346    0
3347    0
3348    0
3349    0
3350    0
3351    0
3352    0
3353    0
3354    0
3355    0
3356    0
3357    0
3358    0
3359    0
3360    0
3361    0
3362    0
3363    0
3364    0
3365    0
3366    0
3367    0
3368    0
3369    0
3370    0
3371    0
3372    0
3373    0
3374    0
3375    0
3376    0
3377    0
3378    0
3379    0
3380    0
3381    0
3382    0
3383    0
3384    0
3385    0
3386    0
3387    0
3388    0
3389    0
3390    0
3391    0
3392    0
3393    0
3394    0
3395    0
3396    0
3397    0
3398    0
3399    0
3400    0
3401    0
3402    0
3403    0
3404    0
3405    0
3406    0
3407    0
3408    0
3409    0
3410    0
3411    0
3412    0
3413    0
3414    0
3415    0
3416    0
3417    0
3418    0
3419    0
3420    0
3421    0
3422    0
3423    0
3424    0
3425    0
3426    0
3427    0
3428    0
3429    0
3430    0
3431    0
3432    0
3433    0
3434    0
3435    0
3436    0
3437    0
3438    0
3439    0
3440    0
3441    0
3442    0
3443    0
3444    0
3445    0
3446    0
3447    0
3448    0
3449    0
3450    0
3451    0
3452    0
3453    0
3454    0
3455    0
3456    0
3457    0
3458    0
3459    0
3460    0
3461    0
3462    0
3463    0
3464    0
3465    0
3466    0
3467    0
3468    0
3469    0
3470    0
3471    0
3472    0
3473    0
3474    0
3475    0
3476    0
3477    0
3478    0
3479    0
3480    0
3481    0
3482    0
3483    0
3484    0
3485    0
3486    0
3487    0
3488    0
3489    0
3490    0
3491    0
3492    0
3493    0
3494    0
3495    0
3496    0
3497    0
3498    0
3499    0
3500    0
3501    0
3502    0
3503    0
3504    0
3505    0
3506    0
3507    0
3508    0
3509    0
3510    0
3511    0
3512    0
3513    0
3514    0
3515    0
3516    0
3517    0
3518    0
3519    0
3520    0
3521    0
3522    0
3523    0
3524    0
3525    0
3526    0
3527    0
3528    0
3529    0
3530    0
3531    0
3532    0
3533    0
3534    0
3535    0
3536    0
3537    0
3538    0
3539    0
3540    0
3541    0
3542    0
3543    0
3544    0
3545    0
3546    0
3547    0
3548    0
3549    0
3550    0
3551    0
3552    0
3553    0
3554    0
3555    0
3556    0
3557    0
3558    0
3559    0
3560    0
3561    0
3562    0
3563    0
3564    0
3565    0
3566    0
3567    0
3568    0
3569    0
3570    0
3571    0
3572    0
3573    0
3574    0
3575    0
3576    0
3577    0
3578    0
3579    0
3580    0
3581    0
3582    0
3583    0
3584    0
3585    0
3586    0
3587    0
3588    0
3589    0
3590    0
3591    0
3592    0
3593    0
3594    0
3595    0
3596    0
3597    0
3598    0
3599    0
3600    0
3601    0
3602    0
3603    0
3604    0
3605    0
3606    0
3607    0
3608    0
3609    0
3610    0
3611    0
3612    0
3613    0
3614    0
3615    0
3616    0
3617    0
3618    0
3619    0
3620    0
3621    0
3622    0
3623    0
3624    0
3625    0
3626    0
3627    0
3628    0
3629    0
3630    0
3631    0
3632    0
3633    0
3634    0
3635    0
3636    0
3637    0
3638    0
3639    0
3640    0
3641    0
3642    0
3643    0
3644    0
3645    0
3646    0
3647    0
3648    0
3649    0
3650    0
3651    0
3652    0
3653    0
3654    0
3655    0
3656    0
3657    0
3658    0
3659    0
3660    0
3661    0
3662    0
3663    0
3664    0
3665    0
3666    0
3667    0
3668    0
3669    0
3670    0
3671    0
3672    0
3673    0
3674    0
3675    0
3676    0
3677    0
3678    0
3679    0
3680    0
3681    0
3682    0
3683    0
3684    0
3685    0
3686    0
3687    0
3688    0
3689    0
3690    0
3691    0
3692    0
3693    0
3694    0
3695    0
3696    0
3697    0
3698    0
3699    0
3700    0
3701    0
3702    0
3703    0
3704    0
3705    0
3706    0
3707    0
3708    0
3709    0
3710    0
3711    0
3712    0
3713    0
3714    0
3715    0
3716    0
3717    0
3718    0
3719    0
3720    0
3721    0
3722    0
3723    0
3724    0
3725    0
3726    0
3727    0
3728    0
3729    0
3730    0
3731    0
3732    0
3733    0
3734    0
3735    0
3736    0
3737    0
3738    0
3739    0
3740    0
3741    0
3742    0
3743    0
3744    0
3745    0
3746    0
3747    0
3748    0
3749    0
3750    0
3751    0
3752    0
3753    0
3754    0
3755    0
3756    0
3757    0
3758    0
3759    0
3760    0
3761    0
3762    0
3763    0
3764    0
3765    0
3766    0
3767    0
3768    0
3769    0
3770    0
3771    0
3772    0
3773    0
3774    0
3775    0
3776    0
3777    0
3778    0
3779    0
3780    0
3781    0
3782    0
3783    0
3784    0
3785    0
3786    0
3787    0
3788    0
3789    0
3790    0
3791    0
3792    0
3793    0
3794    0
3795    0
3796    0
3797    0
3798    0
3799    0
3800    0
3801    0
3802    0
3803    0
3804    0
3805    0
3806    0
3807    0
3808    0
3809    0
3810    0
3811    0
3812    0
3813    0
3814    0
3815    0
3816    0
3817    0
3818    0
3819    0
3820    0
3821    0
3822    0
3823    0
3824    0
3825    0
3826    0
3827    0
3828    0
3829    0
3830    0
3831    0
3832    0
3833    0
3834    0
3835    0
3836    0
3837    0
3838    0
3839    0
3840    0
3841    0
3842    0
3843    0
3844    0
3845    0
3846    0
3847    0
3848    0
3849    0
3850    0
3851    0
3852    0
3853    0
3854    0
3855    0
3856    0
3857    0
3858    0
3859    0
3860    0
3861    0
3862    0
3863    0
3864    0
3865    0
3866    0
3867    0
3868    0
3869    0
3870    0
3871    0
3872    0
3873    0
3874    0
3875    0
3876    0
3877    0
3878    0
3879    0
3880    0
3881    0
3882    0
3883    0
3884    0
3885    0
3886    0
3887    0
3888    0
3889    0
3890    0
3891    0
3892    0
3893    0
3894    0
3895    0
3896    0
3897    0
3898    0
3899    0
3900    0
3901    0
3902    0
3903    0
3904    0
3905    0
3906    0
3907    0
3908    0
3909    0
3910    0
3911    0
3912    0
3913    0
3914    0
3915    0
3916    0
3917    0
3918    0
3919    0
3920    0
3921    0
3922    0
3923    0
3924    0
3925    0
3926    0
3927    0
3928    0
3929    0
3930    0
3931    0
3932    0
3933    0
3934    0
3935    0
3936    0
3937    0
3938    0
3939    0
3940    0
3941    0
3942    0
3943    0
3944    0
3945    0
3946    0
3947    0
3948    0
3949    0
3950    0
3951    0
3952    0
3953    0
3954    0
3955    0
3956    0
3957    0
3958    0
3959    0
3960    0
3961    0
3962    0
3963    0
3964    0
3965    0
3966    0
3967    0
3968    0
3969    0
3970    0
3971    0
3972    0
3973    0
3974    0
3975    0
3976    0
3977    0
3978    0
3979    0
3980    0
3981    0
3982    0
3983    0
3984    0
3985    0
3986    0
3987    0
3988    0
3989    0
3990    0
3991    0
3992    0
3993    0
3994    0
3995    0
3996    0
3997    0
3998    0
3999    0
4000    0
4001    0
4002    0
4003    0
4004    0
4005    0
4006    0
4007    0
4008    0
4009    0
4010    0
4011    0
4012    0
4013    0
4014    0
4015    0
4016    0
4017    0
4018    0
4019    0
4020    0
4021    0
4022    0
4023    0
4024    0
4025    0
4026    0
4027    0
4028    0
4029    0
4030    0
4031    0
4032    0
4033    0
4034    0
4035    0
4036    0
4037    0
4038    0
4039    0
4040    0
4041    0
4042    0
4043    0
4044    0
4045    0
4046    0
4047    0
4048    0
4049    0
4050    0
4051    0
4052    0
4053    0
4054    0
4055    0
4056    0
4057    0
4058    0
4059    0
4060    0
4061    0
4062    0
4063    0
4064    0
4065    0
4066    0
4067    0
4068    0
4069    0
4070    0
4071    0
4072    0
4073    0
4074    0
4075    0
4076    0
4077    0
4078    0
4079    0
4080    0
4081    0
4082    0
4083    0
4084    0
4085    0
4086    0
4087    0
4088    0
4089    0
4090    0
4091    0
4092    0
4093    0
4094    0
4095    0
4096    0
4097    0
4098    0
4099    0
4100    0
4101    0
4102    0
4103    0
4104    0
4105    0
4106    0
4107    0
4108    0
4109    0
4110    0
4111    0
4112    0
4113    0
4114    0
4115    0
4116    0
4117    0
4118    0
4119    0
4120    0
4121    0
4122    0
4123    0
4124    0
4125    0
4126    0
4127    0
4128    0
4129    0
4130    0
4131    0
4132    0
4133    0
4134    0
4135    0
4136    0
4137    0
4138    0
4139    0
4140    0
4141    0
4142    0
4143    0
4144    0
4145    0
4146    0
4147    0
4148    0
4149    0
4150    0
4151    0
4152    0
4153    0
4154    0
4155    0
4156    0
4157    0
4158    0
4159    0
4160    0
4161    0
4162    0
4163    0
4164    0
4165    0
4166    0
4167    0
4168    0
4169    0
4170    0
4171    0
4172    0
4173    0
4174    0
4175    0
4176    0
4177    0
4178    0
4179    0
4180    0
4181    0
4182    0
4183    0
4184    0
4185    0
4186    0
4187    0
4188    0
4189    0
4190    0
4191    0
4192    0
4193    0
4194    0
4195    0
4196    0
4197    0
4198    0
4199    0
4200    0
4201    0
4202    0
4203    0
4204    0
4205    0
4206    0
4207    0
4208    0
4209    0
4210    0
4211    0
4212    0
4213    0
4214    0
4215    0
4216    0
4217    0
4218    0
4219    0
4220    0
4221    0
4222    0
4223    0
4224    0
4225    0
4226    0
4227    0
4228    0
4229    0
4230    0
4231    0
4232    0
4233    0
4234    0
4235    0
4236    0
4237    0
4238    0
4239    0
4240    0
4241    0
4242    0
4243    0
4244    0
4245    0
4246    0
4247    0
4248    0
4249    0
4250    0
4251    0
4252    0
4253    0
4254    0
4255    0
4256    0
4257    0
4258    0
4259    0
4260    0
4261    0
4262    0
4263    0
4264    0
4265    0
4266    0
4267    0
4268    0
4269    0
4270    0
4271    0
4272    0
4273    0
4274    0
4275    0
4276    0
4277    0
4278    0
4279    0
4280    0
4281    0
4282    0
4283    0
4284    0
4285    0
4286    0
4287    0
4288    0
4289    0
4290    0
4291    0
4292    0
4293    0
4294    0
4295    0
4296    0
4297    0
4298    0
4299    0
4300    0
4301    0
4302    0
4303    0
4304    0
4305    0
4306    0
4307    0
4308    0
4309    0
4310    0
4311    0
4312    0
4313    0
4314    0
4315    0
4316    0
4317    0
4318    0
4319    0
4320    0
4321    0
4322    0
4323    0
4324    0
4325    0
4326    0
4327    0
4328    0
4329    0
4330    0
4331    0
4332    0
4333    0
4334    0
4335    0
4336    0
4337    0
4338    0
4339    0
4340    0
4341    0
4342    0
4343    0
4344    0
4345    0
4346    0
4347    0
4348    0
4349    0
4350    0
4351    0
4352    0
4353    0
4354    0
4355    0
4356    0
4357    0
4358    0
4359    0
4360    0
4361    0
4362    0
4363    0
4364    0
4365    0
4366    0
4367    0
4368    0
4369    0
4370    0
4371    0
4372    0
4373    0
4374    0
4375    0
4376    0
4377    0
4378    0
4379    0
4380    0
4381    0
4382    0
4383    0
4384    0
4385    0
4386    0
4387    0
4388    0
4389    0
4390    0
4391    0
4392    0
4393    0
4394    0
4395    0
4396    0
4397    0
4398    0
4399    0
4400    0
4401    0
4402    0
4403    0
4404    0
4405    0
4406    0
4407    0
4408    0
4409    0
4410    0
4411    0
4412    0
4413    0
4414    0
4415    0
4416    0
4417    0
4418    0
4419    0
4420    0
4421    0
4422    0
4423    0
4424    0
4425    0
4426    0
4427    0
4428    0
4429    0
4430    0
4431    0
4432    0
4433    0
4434    0
4435    0
4436    0
4437    0
4438    0
4439    0
4440    0
4441    0
4442    0
4443    0
4444    0
4445    0
4446    0
4447    0
4448    0
4449    0
4450    0
4451    0
4452    0
4453    0
4454    0
4455    0
4456    0
4457    0
4458    0
4459    0
4460    0
4461    0
4462    0
4463    0
4464    0
4465    0
4466    0
4467    0
4468    0
4469    0
4470    0
4471    0
4472    0
4473    0
4474    0
4475    0
4476    0
4477    0
4478    0
4479    0
4480    0
4481    0
4482    0
4483    0
4484    0
4485    0
4486    0
4487    0
4488    0
4489    0
4490    0
4491    0
4492    0
4493    0
4494    0
4495    0
4496    0
4497    0
4498    0
4499    0
4500    0
4501    0
4502    0
4503    0
4504    0
4505    0
4506    0
4507    0
4508    0
4509    0
4510    0
4511    0
4512    0
4513    0
4514    0
4515    0
4516    0
4517    0
4518    0
4519    0
4520    0
4521    0
4522    0
4523    0
4524    0
4525    0
4526    0
4527    0
4528    0
4529    0
4530    0
4531    0
4532    0
4533    0
4534    0
4535    0
4536    0
4537    0
4538    0
4539    0
4540    0
4541    0
4542    0
4543    0
4544    0
4545    0
4546    0
4547    0
4548    0
4549    0
4550    0
4551    0
4552    0
4553    0
4554    0
4555    0
4556    0
4557    0
4558    0
4559    0
4560    0
4561    0
4562    0
4563    0
4564    0
4565    0
4566    0
4567    0
4568    0
4569    0
4570    0
4571    0
4572    0
4573    0
4574    0
4575    0
4576    0
4577    0
4578    0
4579    0
4580    0
4581    0
4582    0
4583    0
4584    0
4585    0
4586    0
4587    0
4588    0
4589    0
4590    0
4591    0
4592    0
4593    0
4594    0
4595    0
4596    0
4597    0
4598    0
4599    0
4600    0
4601    0
4602    0
4603    0
4604    0
4605    0
4606    0
4607    0
4608    0
4609    0
4610    0
4611    0
4612    0
4613    0
4614    0
4615    0
4616    0
4617    0
4618    0
4619    0
4620    0
4621    0
4622    0
4623    0
4624    0
4625    0
4626    0
4627    0
4628    0
4629    0
4630    0
4631    0
4632    0
4633    0
4634    0
4635    0
4636    0
4637    0
4638    0
4639    0
4640    0
4641    0
4642    0
4643    0
4644    0
4645    0
4646    0
4647    0
4648    0
4649    0
4650    0
4651    0
4652    0
4653    0
4654    0
4655    0
4656    0
4657    0
4658    0
4659    0
4660    0
4661    0
4662    0
4663    0
4664    0
4665    0
4666    0
4667    0
4668    0
4669    0
4670    0
4671    0
4672    0
4673    0
4674    0
4675    0
4676    0
4677    0
4678    0
4679    0
4680    0
4681    0
4682    0
4683    0
4684    0
4685    0
4686    0
4687    0
4688    0
4689    0
4690    0
4691    0
4692    0
4693    0
4694    0
4695    0
4696    0
4697    0
4698    0
4699    0
4700    0
4701    0
4702    0
4703    0
4704    0
4705    0
4706    0
4707    0
4708    0
4709    0
4710    0
4711    0
4712    0
4713    0
4714    0
4715    0
4716    0
4717    0
4718    0
4719    0
4720    0
4721    0
4722    0
4723    0
4724    0
4725    0
4726    0
4727    0
4728    0
4729    0
4730    0
4731    0
4732    0
4733    0
4734    0
4735    0
4736    0
4737    0
4738    0
4739    0
4740    0
4741    0
4742    0
4743    0
4744    0
4745    0
4746    0
4747    0
4748    0
4749    0
4750    0
4751    0
4752    0
4753    0
4754    0
4755    0
4756    0
4757    0
4758    0
4759    0
4760    0
4761    0
4762    0
4763    0
4764    0
4765    0
4766    0
4767    0
4768    0
4769    0
4770    0
4771    0
4772    0
4773    0
4774    0
4775    0
4776    0
4777    0
4778    0
4779    0
4780    0
4781    0
4782    0
4783    0
4784    0
4785    0
4786    0
4787    0
4788    0
4789    0
4790    0
4791    0
4792    0
4793    0
4794    0
4795    0
4796    0
4797    0
4798    0
4799    0
4800    0
4801    0
4802    0
4803    0
4804    0
4805    0
4806    0
4807    0
4808    0
4809    0
4810    0
4811    0
4812    0
4813    0
4814    0
4815    0
4816    0
4817    0
4818    0
4819    0
4820    0
4821    0
4822    0
4823    0
4824    0
4825    0
4826    0
4827    0
4828    0
4829    0
4830    0
4831    0
4832    0
4833    0
4834    0
4835    0
4836    0
4837    0
4838    0
4839    0
4840    0
4841    0
4842    0
4843    0
4844    0
4845    0
4846    0
4847    0
4848    0
4849    0
4850    0
4851    0
4852    0
4853    0
4854    0
4855    0
4856    0
4857    0
4858    0
4859    0
4860    0
4861    0
4862    0
4863    0
4864    0
4865    0
4866    0
4867    0
4868    0
4869    0
4870    0
4871    0
4872    0
4873    0
4874    0
4875    0
4876    0
4877    0
4878    0
4879    0
4880    0
4881    0
4882    0
4883    0
4884    0
4885    0
4886    0
4887    0
4888    0
4889    0
4890    0
4891    0
4892    0
4893    0
4894    0
4895    0
4896    0
4897    0
4898    0
4899    0
4900    0
4901    0
4902    0
4903    0
4904    0
4905    0
4906    0
4907    0
4908    0
4909    0
4910    0
4911    0
4912    0
4913    0
4914    0
4915    0
4916    0
4917    0
4918    0
4919    0
4920    0
4921    0
4922    0
4923    0
4924    0
4925    0
4926    0
4927    0
4928    0
4929    0
4930    0
4931    0
4932    0
4933    0
4934    0
4935    0
4936    0
4937    0
4938    0
4939    0
4940    0
4941    0
4942    0
4943    0
4944    0
4945    0
4946    0
4947    0
4948    0
4949    0
4950    0
4951    0
4952    0
4953    0
4954    0
4955    0
4956    0
4957    0
4958    0
4959    0
4960    0
4961    0
4962    0
4963    0
4964    0
4965    0
4966    0
4967    0
4968    0
4969    0
4970    0
4971    0
4972    0
4973    0
4974    0
4975    0
4976    0
4977    0
4978    0
4979    0
4980    0
4981    0
4982    0
4983    0
4984    0
4985    0
4986    0
4987    0
4988    0
4989    0
4990    0
4991    0
4992    0
4993    0
4994    0
4995    0
4996    0
4997    0
4998    0
4999    0
5000    0
