1    0
2    0
3    0
4    0
5    0
6    0
7    0
8    0
9    0
10    0
11    0
12    0
13    0
14    0
15    0
16    0
17    0
18    0
19    0
20    0
21    0
22    0
23    0
24    0
25    0
26    0
27    0
28    0
29    0
30    0
31    0
32    0
33    0
34    0
35    0
36    0
37    0
38    0
39    0
40    0
41    0
42    0
43    0
44    0
45    0
46    0
47    0
48    0
49    0
50    0
51    0
52    0
53    0
54    0
55    0
56    0
57    0
58    0
59    0
60    0
61    0
62    0
63    0
64    0
65    0
66    0
67    0
68    0
69    0
70    0
71    0
72    0
73    0
74    0
75    0
76    0
77    0
78    0
79    0
80    0
81    0
82    0
83    0
84    0
85    0
86    0
87    0
88    0
89    0
90    0
91    0
92    0
93    0
94    0
95    0
96    0
97    0
98    0
99    0
100    0
101    0
102    0
103    0
104    0
105    0
106    0
107    0
108    0
109    0
110    0
111    0
112    0
113    0
114    0
115    0
116    0
117    0
118    0
119    0
120    0
121    0
122    0
123    0
124    0
125    0
126    0
127    0
128    0
129    0
130    0
131    0
132    0
133    0
134    0
135    0
136    0
137    0
138    0
139    0
140    0
141    0
142    0
143    0
144    0
145    0
146    0
147    0
148    0
149    0
150    0
151    0
152    0
153    0
154    0
155    0
156    0
157    0
158    0
159    0
160    0
161    0
162    0
163    0
164    0
165    0
166    0
167    0
168    0
169    0
170    0
171    0
172    0
173    0
174    0
175    0
176    0
177    0
178    0
179    0
180    0
181    0
182    0
183    0
184    0
185    0
186    0
187    0
188    0
189    0
190    0
191    0
192    0
193    0
194    0
195    0
196    0
197    0
198    0
199    0
200    0
201    0
202    0
203    0
204    0
205    0
206    0
207    0
208    0
209    0
210    0
211    0
212    0
213    0
214    0
215    0
216    0
217    0
218    0
219    0
220    0
221    0
222    0
223    0
224    0
225    0
226    0
227    0
228    0
229    0
230    0
231    0
232    0
233    0
234    0
235    0
236    0
237    0
238    0
239    0
240    0
241    0
242    0
243    0
244    0
245    0
246    0
247    0
248    0
249    0
250    0
251    0
252    0
253    0
254    0
255    0
256    0
257    0
258    0
259    0
260    0
261    0
262    0
263    0
264    0
265    0
266    0
267    0
268    0
269    0
270    0
271    0
272    0
273    0
274    0
275    0
276    0
277    0
278    0
279    0
280    0
281    0
282    0
283    0
284    0
285    0
286    0
287    0
288    0
289    0
290    0
291    0
292    0
293    0
294    0
295    0
296    0
297    0
298    0
299    0
300    0
301    0
302    0
303    0
304    0
305    0
306    0
307    0
308    0
309    0
310    0
311    0
312    0
313    0
314    0
315    0
316    0
317    0
318    0
319    0
320    0
321    0
322    0
323    0
324    0
325    0
326    0
327    0
328    0
329    0
330    0
331    0
332    0
333    0
334    0
335    0
336    0
337    0
338    0
339    0
340    0
341    0
342    0
343    0
344    0
345    0
346    0
347    0
348    0
349    0
350    0
351    0
352    0
353    0
354    0
355    0
356    0
357    0
358    0
359    0
360    0
361    0
362    0
363    0
364    0
365    0
366    0
367    0
368    0
369    0
370    0
371    0
372    0
373    0
374    0
375    0
376    0
377    0
378    0
379    0
380    0
381    0
382    0
383    0
384    0
385    0
386    0
387    0
388    0
389    0
390    0
391    0
392    0
393    0
394    0
395    0
396    0
397    0
398    0
399    0
400    0
401    0
402    0
403    0
404    0
405    0
406    0
407    0
408    0
409    0
410    0
411    0
412    0
413    0
414    0
415    0
416    0
417    0
418    0
419    0
420    0
421    0
422    0
423    0
424    0
425    0
426    0
427    0
428    0
429    0
430    0
431    0
432    0
433    0
434    0
435    0
436    0
437    0
438    0
439    0
440    0
441    0
442    0
443    0
444    0
445    0
446    0
447    0
448    0
449    0
450    0
451    0
452    0
453    0
454    0
455    0
456    0
457    0
458    0
459    0
460    0
461    0
462    0
463    0
464    0
465    0
466    0
467    0
468    0
469    0
470    0
471    0
472    0
473    0
474    0
475    0
476    0
477    0
478    0
479    0
480    0
481    0
482    0
483    0
484    0
485    0
486    0
487    0
488    0
489    0
490    0
491    0
492    0
493    0
494    0
495    0
496    0
497    0
498    0
499    0
500    0
501    0
502    0
503    0
504    0
505    0
506    0
507    0
508    0
509    0
510    0
511    0
512    0
513    0
514    0
515    0
516    0
517    0
518    0
519    0
520    0
521    0
522    0
523    0
524    0
525    0
526    0
527    0
528    0
529    0
530    0
531    0
532    0
533    0
534    0
535    0
536    0
537    0
538    0
539    0
540    0
541    0
542    0
543    0
544    0
545    0
546    0
547    0
548    0
549    0
550    0
551    0
552    0
553    0
554    0
555    0
556    0
557    0
558    0
559    0
560    0
561    0
562    0
563    0
564    0
565    0
566    0
567    0
568    0
569    0
570    0
571    0
572    0
573    0
574    0
575    0
576    0
577    0
578    0
579    0
580    0
581    0
582    0
583    0
584    0
585    0
586    0
587    0
588    0
589    0
590    0
591    0
592    0
593    0
594    0
595    0
596    0
597    0
598    0
599    0
600    0
601    0
602    0
603    0
604    0
605    0
606    0
607    0
608    0
609    0
610    0
611    0
612    0
613    0
614    0
615    0
616    0
617    0
618    0
619    0
620    0
621    0
622    0
623    0
624    0
625    0
626    0
627    0
628    0
629    0
630    0
631    0
632    0
633    0
634    0
635    0
636    0
637    0
638    0
639    0
640    0
641    0
642    0
643    0
644    0
645    0
646    0
647    0
648    0
649    0
650    0
651    0
652    0
653    0
654    0
655    0
656    0
657    0
658    0
659    0
660    0
661    0
662    0
663    0
664    0
665    0
666    0
667    0
668    0
669    0
670    0
671    0
672    0
673    0
674    0
675    0
676    0
677    0
678    0
679    0
680    0
681    0
682    0
683    0
684    0
685    0
686    0
687    0
688    0
689    0
690    0
691    0
692    0
693    0
694    0
695    0
696    0
697    0
698    0
699    0
700    0
701    0
702    0
703    0
704    0
705    0
706    0
707    0
708    0
709    0
710    0
711    0
712    0
713    0
714    0
715    0
716    0
717    0
718    0
719    0
720    0
721    0
722    0
723    0
724    0
725    0
726    0
727    0
728    0
729    0
730    0
731    0
732    0
733    0
734    0
735    0
736    0
737    0
738    0
739    0
740    0
741    0
742    0
743    0
744    0
745    0
746    0
747    0
748    0
749    0
750    0
751    0
752    0
753    0
754    0
755    0
756    0
757    0
758    0
759    0
760    0
761    0
762    0
763    0
764    0
765    0
766    0
767    0
768    0
769    0
770    0
771    0
772    0
773    0
774    0
775    0
776    0
777    0
778    0
779    0
780    0
781    0
782    0
783    0
784    0
785    0
786    0
787    0
788    0
789    0
790    0
791    0
792    0
793    0
794    0
795    0
796    0
797    0
798    0
799    0
800    0
801    0
802    0
803    0
804    0
805    0
806    0
807    0
808    0
809    0
810    0
811    0
812    0
813    0
814    0
815    0
816    0
817    0
818    0
819    0
820    0
821    0
822    0
823    0
824    0
825    0
826    0
827    0
828    0
829    0
830    0
831    0
832    0
833    0
834    0
835    0
836    0
837    0
838    0
839    0
840    0
841    0
842    0
843    0
844    0
845    0
846    0
847    0
848    0
849    0
850    0
851    0
852    0
853    0
854    0
855    0
856    0
857    0
858    0
859    0
860    0
861    0
862    0
863    0
864    0
865    0
866    0
867    0
868    0
869    0
870    0
871    0
872    0
873    0
874    0
875    0
876    0
877    0
878    0
879    0
880    0
881    0
882    0
883    0
884    0
885    0
886    0
887    0
888    0
889    0
890    0
891    0
892    0
893    0
894    0
895    0
896    0
897    0
898    0
899    0
900    0
901    0
902    0
903    0
904    0
905    0
906    0
907    0
908    0
909    0
910    0
911    0
912    0
913    0
914    0
915    0
916    0
917    0
918    0
919    0
920    0
921    0
922    0
923    0
924    0
925    0
926    0
927    0
928    0
929    0
930    0
931    0
932    0
933    0
934    0
935    0
936    0
937    0
938    0
939    0
940    0
941    0
942    0
943    0
944    0
945    0
946    0
947    0
948    0
949    0
950    0
951    0
952    0
953    0
954    0
955    0
956    0
957    0
958    0
959    0
960    0
961    0
962    0
963    0
964    0
965    0
966    0
967    0
968    0
969    0
970    0
971    0
972    0
973    0
974    0
975    0
976    0
977    0
978    0
979    0
980    0
981    0
982    0
983    0
984    0
985    0
986    0
987    0
988    0
989    0
990    0
991    0
992    0
993    0
994    0
995    0
996    0
997    0
998    0
999    0
1000    0
1001    0
1002    0
1003    0
1004    0
1005    0
1006    0
1007    0
1008    0
1009    0
1010    0
1011    0
1012    0
1013    0
1014    0
1015    0
1016    0
1017    0
1018    0
1019    0
1020    0
1021    0
1022    0
1023    0
1024    0
1025    0
1026    0
1027    0
1028    0
1029    0
1030    0
1031    0
1032    0
1033    0
1034    0
1035    0
1036    0
1037    0
1038    0
1039    0
1040    0
1041    0
1042    0
1043    0
1044    0
1045    0
1046    0
1047    0
1048    0
1049    0
1050    0
1051    0
1052    0
1053    0
1054    0
1055    0
1056    0
1057    0
1058    0
1059    0
1060    0
1061    0
1062    0
1063    0
1064    0
1065    0
1066    0
1067    0
1068    0
1069    0
1070    0
1071    0
1072    0
1073    0
1074    0
1075    0
1076    0
1077    0
1078    0
1079    0
1080    0
1081    2
1082    2
1083    2
1084    2
1085    2
1086    2
1087    2
1088    2
1089    2
1090    2
1091    2
1092    2
1093    4
1094    4
1095    4
1096    4
1097    4
1098    4
1099    2
1100    2
1101    2
1102    2
1103    2
1104    2
1105    3
1106    3
1107    3
1108    3
1109    3
1110    3
1111    3
1112    3
1113    3
1114    3
1115    3
1116    3
1117    2
1118    2
1119    2
1120    2
1121    2
1122    2
1123    2
1124    2
1125    2
1126    2
1127    2
1128    2
1129    4
1130    4
1131    4
1132    4
1133    4
1134    4
1135    2
1136    2
1137    2
1138    2
1139    2
1140    2
1141    4
1142    4
1143    4
1144    4
1145    4
1146    4
1147    4
1148    4
1149    4
1150    4
1151    4
1152    4
1153    2
1154    2
1155    2
1156    2
1157    2
1158    2
1159    2
1160    2
1161    2
1162    2
1163    2
1164    2
1165    4
1166    4
1167    4
1168    4
1169    4
1170    4
1171    2
1172    2
1173    2
1174    2
1175    2
1176    2
1177    4
1178    4
1179    4
1180    4
1181    4
1182    4
1183    4
1184    4
1185    4
1186    4
1187    4
1188    4
1189    3
1190    3
1191    3
1192    3
1193    3
1194    3
1195    3
1196    3
1197    3
1198    3
1199    3
1200    3
1201    6
1202    6
1203    6
1204    6
1205    6
1206    6
1207    4
1208    4
1209    4
1210    4
1211    4
1212    4
1213    7
1214    7
1215    7
1216    7
1217    7
1218    7
1219    7
1220    7
1221    7
1222    7
1223    7
1224    7
1225    10
1226    10
1227    10
1228    10
1229    10
1230    10
1231    10
1232    10
1233    10
1234    10
1235    10
1236    10
1237    17
1238    17
1239    17
1240    17
1241    17
1242    17
1243    7
1244    7
1245    7
1246    7
1247    7
1248    7
1249    14
1250    14
1251    14
1252    14
1253    14
1254    14
1255    14
1256    14
1257    14
1258    14
1259    14
1260    14
1261    14
1262    14
1263    14
1264    14
1265    14
1266    14
1267    14
1268    14
1269    14
1270    14
1271    14
1272    14
1273    28
1274    28
1275    28
1276    28
1277    28
1278    28
1279    12
1280    12
1281    12
1282    12
1283    12
1284    12
1285    21
1286    21
1287    21
1288    21
1289    21
1290    21
1291    21
1292    21
1293    21
1294    21
1295    21
1296    21
1297    22
1298    22
1299    22
1300    22
1301    22
1302    22
1303    22
1304    22
1305    22
1306    22
1307    22
1308    22
1309    43
1310    43
1311    43
1312    43
1313    43
1314    43
1315    14
1316    14
1317    14
1318    14
1319    14
1320    14
1321    25
1322    25
1323    25
1324    25
1325    25
1326    25
1327    25
1328    25
1329    25
1330    25
1331    25
1332    25
1333    25
1334    25
1335    25
1336    25
1337    25
1338    25
1339    25
1340    25
1341    25
1342    25
1343    25
1344    25
1345    49
1346    49
1347    49
1348    49
1349    49
1350    49
1351    25
1352    25
1353    25
1354    25
1355    25
1356    25
1357    47
1358    47
1359    47
1360    47
1361    47
1362    47
1363    47
1364    47
1365    47
1366    47
1367    47
1368    47
1369    50
1370    50
1371    50
1372    50
1373    50
1374    50
1375    50
1376    50
1377    50
1378    50
1379    50
1380    50
1381    87
1382    87
1383    87
1384    87
1385    87
1386    87
1387    43
1388    43
1389    43
1390    43
1391    43
1392    43
1393    82
1394    82
1395    82
1396    82
1397    82
1398    82
1399    82
1400    82
1401    82
1402    82
1403    82
1404    82
1405    63
1406    63
1407    63
1408    63
1409    63
1410    63
1411    63
1412    63
1413    63
1414    63
1415    63
1416    63
1417    120
1418    120
1419    120
1420    120
1421    120
1422    120
1423    68
1424    68
1425    68
1426    68
1427    68
1428    68
1429    126
1430    126
1431    126
1432    126
1433    126
1434    126
1435    126
1436    126
1437    126
1438    126
1439    126
1440    126
1441    95
1442    95
1443    95
1444    95
1445    95
1446    95
1447    95
1448    95
1449    95
1450    95
1451    95
1452    95
1453    184
1454    184
1455    184
1456    184
1457    184
1458    184
1459    89
1460    89
1461    89
1462    89
1463    89
1464    89
1465    168
1466    168
1467    168
1468    168
1469    168
1470    168
1471    168
1472    168
1473    168
1474    168
1475    168
1476    168
1477    164
1478    164
1479    164
1480    164
1481    164
1482    164
1483    164
1484    164
1485    164
1486    164
1487    164
1488    164
1489    303
1490    303
1491    303
1492    303
1493    303
1494    303
1495    156
1496    156
1497    156
1498    156
1499    156
1500    156
1501    282
1502    282
1503    282
1504    282
1505    282
1506    282
1507    282
1508    282
1509    282
1510    282
1511    282
1512    282
1513    252
1514    252
1515    252
1516    252
1517    252
1518    252
1519    252
1520    252
1521    252
1522    252
1523    252
1524    252
1525    466
1526    466
1527    466
1528    466
1529    466
1530    466
1531    255
1532    255
1533    255
1534    255
1535    255
1536    255
1537    458
1538    458
1539    458
1540    458
1541    458
1542    458
1543    458
1544    458
1545    458
1546    458
1547    458
1548    458
1549    406
1550    406
1551    406
1552    406
1553    406
1554    406
1555    406
1556    406
1557    406
1558    406
1559    406
1560    406
1561    727
1562    727
1563    727
1564    727
1565    727
1566    727
1567    417
1568    417
1569    417
1570    417
1571    417
1572    417
1573    718
1574    718
1575    718
1576    718
1577    718
1578    718
1579    718
1580    718
1581    718
1582    718
1583    718
1584    718
1585    658
1586    658
1587    658
1588    658
1589    658
1590    658
1591    658
1592    658
1593    658
1594    658
1595    658
1596    658
1597    1100
1598    1100
1599    1100
1600    1100
1601    1100
1602    1100
1603    621
1604    621
1605    621
1606    621
1607    621
1608    621
1609    1075
1610    1075
1611    1075
1612    1075
1613    1075
1614    1075
1615    1075
1616    1075
1617    1075
1618    1075
1619    1075
1620    1075
1621    1014
1622    1014
1623    1014
1624    1014
1625    1014
1626    1014
1627    1014
1628    1014
1629    1014
1630    1014
1631    1014
1632    1014
1633    1601
1634    1601
1635    1601
1636    1601
1637    1601
1638    1601
1639    939
1640    939
1641    939
1642    939
1643    939
1644    939
1645    1498
1646    1498
1647    1498
1648    1498
1649    1498
1650    1498
1651    1498
1652    1498
1653    1498
1654    1498
1655    1498
1656    1498
1657    1473
1658    1473
1659    1473
1660    1473
1661    1473
1662    1473
1663    1473
1664    1473
1665    1473
1666    1473
1667    1473
1668    1473
1669    2162
1670    2162
1671    2162
1672    2162
1673    2162
1674    2162
1675    1387
1676    1387
1677    1387
1678    1387
1679    1387
1680    1387
1681    2063
1682    2063
1683    2063
1684    2063
1685    2063
1686    2063
1687    2063
1688    2063
1689    2063
1690    2063
1691    2063
1692    2063
1693    1969
1694    1969
1695    1969
1696    1969
1697    1969
1698    1969
1699    1969
1700    1969
1701    1969
1702    1969
1703    1969
1704    1969
1705    2686
1706    2686
1707    2686
1708    2686
1709    2686
1710    2686
1711    1878
1712    1878
1713    1878
1714    1878
1715    1878
1716    1878
1717    2569
1718    2569
1719    2569
1720    2569
1721    2569
1722    2569
1723    2569
1724    2569
1725    2569
1726    2569
1727    2569
1728    2569
1729    2457
1730    2457
1731    2457
1732    2457
1733    2457
1734    2457
1735    2457
1736    2457
1737    2457
1738    2457
1739    2457
1740    2457
1741    3121
1742    3121
1743    3121
1744    3121
1745    3121
1746    3121
1747    2311
1748    2311
1749    2311
1750    2311
1751    2311
1752    2311
1753    2998
1754    2998
1755    2998
1756    2998
1757    2998
1758    2998
1759    2998
1760    2998
1761    2998
1762    2998
1763    2998
1764    2998
1765    2878
1766    2878
1767    2878
1768    2878
1769    2878
1770    2878
1771    2878
1772    2878
1773    2878
1774    2878
1775    2878
1776    2878
1777    3482
1778    3482
1779    3482
1780    3482
1781    3482
1782    3482
1783    2686
1784    2686
1785    2686
1786    2686
1787    2686
1788    2686
1789    3337
1790    3337
1791    3337
1792    3337
1793    3337
1794    3337
1795    3337
1796    3337
1797    3337
1798    3337
1799    3337
1800    3337
1801    3222
1802    3222
1803    3222
1804    3222
1805    3222
1806    3222
1807    3222
1808    3222
1809    3222
1810    3222
1811    3222
1812    3222
1813    3762
1814    3762
1815    3762
1816    3762
1817    3762
1818    3762
1819    3051
1820    3051
1821    3051
1822    3051
1823    3051
1824    3051
1825    3587
1826    3587
1827    3587
1828    3587
1829    3587
1830    3587
1831    3587
1832    3587
1833    3587
1834    3587
1835    3587
1836    3587
1837    3459
1838    3459
1839    3459
1840    3459
1841    3459
1842    3459
1843    3459
1844    3459
1845    3459
1846    3459
1847    3459
1848    3459
1849    3871
1850    3871
1851    3871
1852    3871
1853    3871
1854    3871
1855    3179
1856    3179
1857    3179
1858    3179
1859    3179
1860    3179
1861    3692
1862    3692
1863    3692
1864    3692
1865    3692
1866    3692
1867    3692
1868    3692
1869    3692
1870    3692
1871    3692
1872    3692
1873    3526
1874    3526
1875    3526
1876    3526
1877    3526
1878    3526
1879    3526
1880    3526
1881    3526
1882    3526
1883    3526
1884    3526
1885    3925
1886    3925
1887    3925
1888    3925
1889    3925
1890    3925
1891    3262
1892    3262
1893    3262
1894    3262
1895    3262
1896    3262
1897    3717
1898    3717
1899    3717
1900    3717
1901    3717
1902    3717
1903    3717
1904    3717
1905    3717
1906    3717
1907    3717
1908    3717
1909    3540
1910    3540
1911    3540
1912    3540
1913    3540
1914    3540
1915    3540
1916    3540
1917    3540
1918    3540
1919    3540
1920    3540
1921    3917
1922    3917
1923    3917
1924    3917
1925    3917
1926    3917
1927    3240
1928    3240
1929    3240
1930    3240
1931    3240
1932    3240
1933    3714
1934    3714
1935    3714
1936    3714
1937    3714
1938    3714
1939    3714
1940    3714
1941    3714
1942    3714
1943    3714
1944    3714
1945    3571
1946    3571
1947    3571
1948    3571
1949    3571
1950    3571
1951    3571
1952    3571
1953    3571
1954    3571
1955    3571
1956    3571
1957    3934
1958    3934
1959    3934
1960    3934
1961    3934
1962    3934
1963    3286
1964    3286
1965    3286
1966    3286
1967    3286
1968    3286
1969    3784
1970    3784
1971    3784
1972    3784
1973    3784
1974    3784
1975    3784
1976    3784
1977    3784
1978    3784
1979    3784
1980    3784
1981    3615
1982    3615
1983    3615
1984    3615
1985    3615
1986    3615
1987    3615
1988    3615
1989    3615
1990    3615
1991    3615
1992    3615
1993    3979
1994    3979
1995    3979
1996    3979
1997    3979
1998    3979
1999    3342
2000    3342
2001    3342
2002    3342
2003    3342
2004    3342
2005    3784
2006    3784
2007    3784
2008    3784
2009    3784
2010    3784
2011    3784
2012    3784
2013    3784
2014    3784
2015    3784
2016    3784
2017    3659
2018    3659
2019    3659
2020    3659
2021    3659
2022    3659
2023    3659
2024    3659
2025    3659
2026    3659
2027    3659
2028    3659
2029    4022
2030    4022
2031    4022
2032    4022
2033    4022
2034    4022
2035    3423
2036    3423
2037    3423
2038    3423
2039    3423
2040    3423
2041    3880
2042    3880
2043    3880
2044    3880
2045    3880
2046    3880
2047    3880
2048    3880
2049    3880
2050    3880
2051    3880
2052    3880
2053    3664
2054    3664
2055    3664
2056    3664
2057    3664
2058    3664
2059    3664
2060    3664
2061    3664
2062    3664
2063    3664
2064    3664
2065    4039
2066    4039
2067    4039
2068    4039
2069    4039
2070    4039
2071    3434
2072    3434
2073    3434
2074    3434
2075    3434
2076    3434
2077    3852
2078    3852
2079    3852
2080    3852
2081    3852
2082    3852
2083    3852
2084    3852
2085    3852
2086    3852
2087    3852
2088    3852
2089    3680
2090    3680
2091    3680
2092    3680
2093    3680
2094    3680
2095    3680
2096    3680
2097    3680
2098    3680
2099    3680
2100    3680
2101    4033
2102    4033
2103    4033
2104    4033
2105    4033
2106    4033
2107    3426
2108    3426
2109    3426
2110    3426
2111    3426
2112    3426
2113    3847
2114    3847
2115    3847
2116    3847
2117    3847
2118    3847
2119    3847
2120    3847
2121    3847
2122    3847
2123    3847
2124    3847
2125    3662
2126    3662
2127    3662
2128    3662
2129    3662
2130    3662
2131    3662
2132    3662
2133    3662
2134    3662
2135    3662
2136    3662
2137    4009
2138    4009
2139    4009
2140    4009
2141    4009
2142    4009
2143    3382
2144    3382
2145    3382
2146    3382
2147    3382
2148    3382
2149    3809
2150    3809
2151    3809
2152    3809
2153    3809
2154    3809
2155    3809
2156    3809
2157    3809
2158    3809
2159    3809
2160    3809
2161    3623
2162    3623
2163    3623
2164    3623
2165    3623
2166    3623
2167    3623
2168    3623
2169    3623
2170    3623
2171    3623
2172    3623
2173    3961
2174    3961
2175    3961
2176    3961
2177    3961
2178    3961
2179    3294
2180    3294
2181    3294
2182    3294
2183    3294
2184    3294
2185    3790
2186    3790
2187    3790
2188    3790
2189    3790
2190    3790
2191    3790
2192    3790
2193    3790
2194    3790
2195    3790
2196    3790
2197    3665
2198    3665
2199    3665
2200    3665
2201    3665
2202    3665
2203    3665
2204    3665
2205    3665
2206    3665
2207    3665
2208    3665
2209    4006
2210    4006
2211    4006
2212    4006
2213    4006
2214    4006
2215    3378
2216    3378
2217    3378
2218    3378
2219    3378
2220    3378
2221    3800
2222    3800
2223    3800
2224    3800
2225    3800
2226    3800
2227    3800
2228    3800
2229    3800
2230    3800
2231    3800
2232    3800
2233    3652
2234    3652
2235    3652
2236    3652
2237    3652
2238    3652
2239    3652
2240    3652
2241    3652
2242    3652
2243    3652
2244    3652
2245    4017
2246    4017
2247    4017
2248    4017
2249    4017
2250    4017
2251    3396
2252    3396
2253    3396
2254    3396
2255    3396
2256    3396
2257    3806
2258    3806
2259    3806
2260    3806
2261    3806
2262    3806
2263    3806
2264    3806
2265    3806
2266    3806
2267    3806
2268    3806
2269    3632
2270    3632
2271    3632
2272    3632
2273    3632
2274    3632
2275    3632
2276    3632
2277    3632
2278    3632
2279    3632
2280    3632
2281    3995
2282    3995
2283    3995
2284    3995
2285    3995
2286    3995
2287    3366
2288    3366
2289    3366
2290    3366
2291    3366
2292    3366
2293    3866
2294    3866
2295    3866
2296    3866
2297    3866
2298    3866
2299    3866
2300    3866
2301    3866
2302    3866
2303    3866
2304    3866
2305    3701
2306    3701
2307    3701
2308    3701
2309    3701
2310    3701
2311    3701
2312    3701
2313    3701
2314    3701
2315    3701
2316    3701
2317    4047
2318    4047
2319    4047
2320    4047
2321    4047
2322    4047
2323    3447
2324    3447
2325    3447
2326    3447
2327    3447
2328    3447
2329    3870
2330    3870
2331    3870
2332    3870
2333    3870
2334    3870
2335    3870
2336    3870
2337    3870
2338    3870
2339    3870
2340    3870
2341    3727
2342    3727
2343    3727
2344    3727
2345    3727
2346    3727
2347    3727
2348    3727
2349    3727
2350    3727
2351    3727
2352    3727
2353    4042
2354    4042
2355    4042
2356    4042
2357    4042
2358    4042
2359    3404
2360    3404
2361    3404
2362    3404
2363    3404
2364    3404
2365    3849
2366    3849
2367    3849
2368    3849
2369    3849
2370    3849
2371    3849
2372    3849
2373    3849
2374    3849
2375    3849
2376    3849
2377    3652
2378    3652
2379    3652
2380    3652
2381    3652
2382    3652
2383    3652
2384    3652
2385    3652
2386    3652
2387    3652
2388    3652
2389    3979
2390    3979
2391    3979
2392    3979
2393    3979
2394    3979
2395    3321
2396    3321
2397    3321
2398    3321
2399    3321
2400    3321
2401    3792
2402    3792
2403    3792
2404    3792
2405    3792
2406    3792
2407    3792
2408    3792
2409    3792
2410    3792
2411    3792
2412    3792
2413    3703
2414    3703
2415    3703
2416    3703
2417    3703
2418    3703
2419    3703
2420    3703
2421    3703
2422    3703
2423    3703
2424    3703
2425    4066
2426    4066
2427    4066
2428    4066
2429    4066
2430    4066
2431    3446
2432    3446
2433    3446
2434    3446
2435    3446
2436    3446
2437    3857
2438    3857
2439    3857
2440    3857
2441    3857
2442    3857
2443    3857
2444    3857
2445    3857
2446    3857
2447    3857
2448    3857
2449    3670
2450    3670
2451    3670
2452    3670
2453    3670
2454    3670
2455    3670
2456    3670
2457    3670
2458    3670
2459    3670
2460    3670
2461    3987
2462    3987
2463    3987
2464    3987
2465    3987
2466    3987
2467    3342
2468    3342
2469    3342
2470    3342
2471    3342
2472    3342
2473    3791
2474    3791
2475    3791
2476    3791
2477    3791
2478    3791
2479    3791
2480    3791
2481    3791
2482    3791
2483    3791
2484    3791
2485    3627
2486    3627
2487    3627
2488    3627
2489    3627
2490    3627
2491    3627
2492    3627
2493    3627
2494    3627
2495    3627
2496    3627
2497    3967
2498    3967
2499    3967
2500    3967
2501    3967
2502    3967
2503    3335
2504    3335
2505    3335
2506    3335
2507    3335
2508    3335
2509    3789
2510    3789
2511    3789
2512    3789
2513    3789
2514    3789
2515    3789
2516    3789
2517    3789
2518    3789
2519    3789
2520    3789
2521    3668
2522    3668
2523    3668
2524    3668
2525    3668
2526    3668
2527    3668
2528    3668
2529    3668
2530    3668
2531    3668
2532    3668
2533    4023
2534    4023
2535    4023
2536    4023
2537    4023
2538    4023
2539    3414
2540    3414
2541    3414
2542    3414
2543    3414
2544    3414
2545    3897
2546    3897
2547    3897
2548    3897
2549    3897
2550    3897
2551    3897
2552    3897
2553    3897
2554    3897
2555    3897
2556    3897
2557    3749
2558    3749
2559    3749
2560    3749
2561    3749
2562    3749
2563    3749
2564    3749
2565    3749
2566    3749
2567    3749
2568    3749
2569    4065
2570    4065
2571    4065
2572    4065
2573    4065
2574    4065
2575    3450
2576    3450
2577    3450
2578    3450
2579    3450
2580    3450
2581    3880
2582    3880
2583    3880
2584    3880
2585    3880
2586    3880
2587    3880
2588    3880
2589    3880
2590    3880
2591    3880
2592    3880
2593    3722
2594    3722
2595    3722
2596    3722
2597    3722
2598    3722
2599    3722
2600    3722
2601    3722
2602    3722
2603    3722
2604    3722
2605    4077
2606    4077
2607    4077
2608    4077
2609    4077
2610    4077
2611    3472
2612    3472
2613    3472
2614    3472
2615    3472
2616    3472
2617    3911
2618    3911
2619    3911
2620    3911
2621    3911
2622    3911
2623    3911
2624    3911
2625    3911
2626    3911
2627    3911
2628    3911
2629    3776
2630    3776
2631    3776
2632    3776
2633    3776
2634    3776
2635    3776
2636    3776
2637    3776
2638    3776
2639    3776
2640    3776
2641    4124
2642    4124
2643    4124
2644    4124
2645    4124
2646    4124
2647    3536
2648    3536
2649    3536
2650    3536
2651    3536
2652    3536
2653    3941
2654    3941
2655    3941
2656    3941
2657    3941
2658    3941
2659    3941
2660    3941
2661    3941
2662    3941
2663    3941
2664    3941
2665    3778
2666    3778
2667    3778
2668    3778
2669    3778
2670    3778
2671    3778
2672    3778
2673    3778
2674    3778
2675    3778
2676    3778
2677    4086
2678    4086
2679    4086
2680    4086
2681    4086
2682    4086
2683    3502
2684    3502
2685    3502
2686    3502
2687    3502
2688    3502
2689    3892
2690    3892
2691    3892
2692    3892
2693    3892
2694    3892
2695    3892
2696    3892
2697    3892
2698    3892
2699    3892
2700    3892
2701    3765
2702    3765
2703    3765
2704    3765
2705    3765
2706    3765
2707    3765
2708    3765
2709    3765
2710    3765
2711    3765
2712    3765
2713    4074
2714    4074
2715    4074
2716    4074
2717    4074
2718    4074
2719    3479
2720    3479
2721    3479
2722    3479
2723    3479
2724    3479
2725    3873
2726    3873
2727    3873
2728    3873
2729    3873
2730    3873
2731    3873
2732    3873
2733    3873
2734    3873
2735    3873
2736    3873
2737    3730
2738    3730
2739    3730
2740    3730
2741    3730
2742    3730
2743    3730
2744    3730
2745    3730
2746    3730
2747    3730
2748    3730
2749    4047
2750    4047
2751    4047
2752    4047
2753    4047
2754    4047
2755    3428
2756    3428
2757    3428
2758    3428
2759    3428
2760    3428
2761    3863
2762    3863
2763    3863
2764    3863
2765    3863
2766    3863
2767    3863
2768    3863
2769    3863
2770    3863
2771    3863
2772    3863
2773    3703
2774    3703
2775    3703
2776    3703
2777    3703
2778    3703
2779    3703
2780    3703
2781    3703
2782    3703
2783    3703
2784    3703
2785    4069
2786    4069
2787    4069
2788    4069
2789    4069
2790    4069
2791    3488
2792    3488
2793    3488
2794    3488
2795    3488
2796    3488
2797    3914
2798    3914
2799    3914
2800    3914
2801    3914
2802    3914
2803    3914
2804    3914
2805    3914
2806    3914
2807    3914
2808    3914
2809    3665
2810    3665
2811    3665
2812    3665
2813    3665
2814    3665
2815    3665
2816    3665
2817    3665
2818    3665
2819    3665
2820    3665
2821    4005
2822    4005
2823    4005
2824    4005
2825    4005
2826    4005
2827    3366
2828    3366
2829    3366
2830    3366
2831    3366
2832    3366
2833    3796
2834    3796
2835    3796
2836    3796
2837    3796
2838    3796
2839    3796
2840    3796
2841    3796
2842    3796
2843    3796
2844    3796
2845    3619
2846    3619
2847    3619
2848    3619
2849    3619
2850    3619
2851    3619
2852    3619
2853    3619
2854    3619
2855    3619
2856    3619
2857    4008
2858    4008
2859    4008
2860    4008
2861    4008
2862    4008
2863    3426
2864    3426
2865    3426
2866    3426
2867    3426
2868    3426
2869    3864
2870    3864
2871    3864
2872    3864
2873    3864
2874    3864
2875    3864
2876    3864
2877    3864
2878    3864
2879    3864
2880    3864
2881    3694
2882    3694
2883    3694
2884    3694
2885    3694
2886    3694
2887    3694
2888    3694
2889    3694
2890    3694
2891    3694
2892    3694
2893    4009
2894    4009
2895    4009
2896    4009
2897    4009
2898    4009
2899    3382
2900    3382
2901    3382
2902    3382
2903    3382
2904    3382
2905    3862
2906    3862
2907    3862
2908    3862
2909    3862
2910    3862
2911    3862
2912    3862
2913    3862
2914    3862
2915    3862
2916    3862
2917    3664
2918    3664
2919    3664
2920    3664
2921    3664
2922    3664
2923    3664
2924    3664
2925    3664
2926    3664
2927    3664
2928    3664
2929    4036
2930    4036
2931    4036
2932    4036
2933    4036
2934    4036
2935    3423
2936    3423
2937    3423
2938    3423
2939    3423
2940    3423
2941    3911
2942    3911
2943    3911
2944    3911
2945    3911
2946    3911
2947    3911
2948    3911
2949    3911
2950    3911
2951    3911
2952    3911
2953    3754
2954    3754
2955    3754
2956    3754
2957    3754
2958    3754
2959    3754
2960    3754
2961    3754
2962    3754
2963    3754
2964    3754
2965    4075
2966    4075
2967    4075
2968    4075
2969    4075
2970    4075
2971    3470
2972    3470
2973    3470
2974    3470
2975    3470
2976    3470
2977    3890
2978    3890
2979    3890
2980    3890
2981    3890
2982    3890
2983    3890
2984    3890
2985    3890
2986    3890
2987    3890
2988    3890
2989    3684
2990    3684
2991    3684
2992    3684
2993    3684
2994    3684
2995    3684
2996    3684
2997    3684
2998    3684
2999    3684
3000    3684
3001    4037
3002    4037
3003    4037
3004    4037
3005    4037
3006    4037
3007    3437
3008    3437
3009    3437
3010    3437
3011    3437
3012    3437
3013    3854
3014    3854
3015    3854
3016    3854
3017    3854
3018    3854
3019    3854
3020    3854
3021    3854
3022    3854
3023    3854
3024    3854
3025    3683
3026    3683
3027    3683
3028    3683
3029    3683
3030    3683
3031    3683
3032    3683
3033    3683
3034    3683
3035    3683
3036    3683
3037    4029
3038    4029
3039    4029
3040    4029
3041    4029
3042    4029
3043    3380
3044    3380
3045    3380
3046    3380
3047    3380
3048    3380
3049    3819
3050    3819
3051    3819
3052    3819
3053    3819
3054    3819
3055    3819
3056    3819
3057    3819
3058    3819
3059    3819
3060    3819
3061    3656
3062    3656
3063    3656
3064    3656
3065    3656
3066    3656
3067    3656
3068    3656
3069    3656
3070    3656
3071    3656
3072    3656
3073    4007
3074    4007
3075    4007
3076    4007
3077    4007
3078    4007
3079    3350
3080    3350
3081    3350
3082    3350
3083    3350
3084    3350
3085    3774
3086    3774
3087    3774
3088    3774
3089    3774
3090    3774
3091    3774
3092    3774
3093    3774
3094    3774
3095    3774
3096    3774
3097    3613
3098    3613
3099    3613
3100    3613
3101    3613
3102    3613
3103    3613
3104    3613
3105    3613
3106    3613
3107    3613
3108    3613
3109    4014
3110    4014
3111    4014
3112    4014
3113    4014
3114    4014
3115    3394
3116    3394
3117    3394
3118    3394
3119    3394
3120    3394
3121    3855
3122    3855
3123    3855
3124    3855
3125    3855
3126    3855
3127    3855
3128    3855
3129    3855
3130    3855
3131    3855
3132    3855
3133    3686
3134    3686
3135    3686
3136    3686
3137    3686
3138    3686
3139    3686
3140    3686
3141    3686
3142    3686
3143    3686
3144    3686
3145    4049
3146    4049
3147    4049
3148    4049
3149    4049
3150    4049
3151    3409
3152    3409
3153    3409
3154    3409
3155    3409
3156    3409
3157    3836
3158    3836
3159    3836
3160    3836
3161    3836
3162    3836
3163    3836
3164    3836
3165    3836
3166    3836
3167    3836
3168    3836
3169    3698
3170    3698
3171    3698
3172    3698
3173    3698
3174    3698
3175    3698
3176    3698
3177    3698
3178    3698
3179    3698
3180    3698
3181    4043
3182    4043
3183    4043
3184    4043
3185    4043
3186    4043
3187    3414
3188    3414
3189    3414
3190    3414
3191    3414
3192    3414
3193    3881
3194    3881
3195    3881
3196    3881
3197    3881
3198    3881
3199    3881
3200    3881
3201    3881
3202    3881
3203    3881
3204    3881
3205    3679
3206    3679
3207    3679
3208    3679
3209    3679
3210    3679
3211    3679
3212    3679
3213    3679
3214    3679
3215    3679
3216    3679
3217    4008
3218    4008
3219    4008
3220    4008
3221    4008
3222    4008
3223    3401
3224    3401
3225    3401
3226    3401
3227    3401
3228    3401
3229    3834
3230    3834
3231    3834
3232    3834
3233    3834
3234    3834
3235    3834
3236    3834
3237    3834
3238    3834
3239    3834
3240    3834
3241    3708
3242    3708
3243    3708
3244    3708
3245    3708
3246    3708
3247    3708
3248    3708
3249    3708
3250    3708
3251    3708
3252    3708
3253    4044
3254    4044
3255    4044
3256    4044
3257    4044
3258    4044
3259    3433
3260    3433
3261    3433
3262    3433
3263    3433
3264    3433
3265    3842
3266    3842
3267    3842
3268    3842
3269    3842
3270    3842
3271    3842
3272    3842
3273    3842
3274    3842
3275    3842
3276    3842
3277    3661
3278    3661
3279    3661
3280    3661
3281    3661
3282    3661
3283    3661
3284    3661
3285    3661
3286    3661
3287    3661
3288    3661
3289    4062
3290    4062
3291    4062
3292    4062
3293    4062
3294    4062
3295    3466
3296    3466
3297    3466
3298    3466
3299    3466
3300    3466
3301    3854
3302    3854
3303    3854
3304    3854
3305    3854
3306    3854
3307    3854
3308    3854
3309    3854
3310    3854
3311    3854
3312    3854
3313    3718
3314    3718
3315    3718
3316    3718
3317    3718
3318    3718
3319    3718
3320    3718
3321    3718
3322    3718
3323    3718
3324    3718
3325    4032
3326    4032
3327    4032
3328    4032
3329    4032
3330    4032
3331    3419
3332    3419
3333    3419
3334    3419
3335    3419
3336    3419
3337    3869
3338    3869
3339    3869
3340    3869
3341    3869
3342    3869
3343    3869
3344    3869
3345    3869
3346    3869
3347    3869
3348    3869
3349    3712
3350    3712
3351    3712
3352    3712
3353    3712
3354    3712
3355    3712
3356    3712
3357    3712
3358    3712
3359    3712
3360    3712
3361    4048
3362    4048
3363    4048
3364    4048
3365    4048
3366    4048
3367    3429
3368    3429
3369    3429
3370    3429
3371    3429
3372    3429
3373    3843
3374    3843
3375    3843
3376    3843
3377    3843
3378    3843
3379    3843
3380    3843
3381    3843
3382    3843
3383    3843
3384    3843
3385    3697
3386    3697
3387    3697
3388    3697
3389    3697
3390    3697
3391    3697
3392    3697
3393    3697
3394    3697
3395    3697
3396    3697
3397    4028
3398    4028
3399    4028
3400    4028
3401    4028
3402    4028
3403    3404
3404    3404
3405    3404
3406    3404
3407    3404
3408    3404
3409    3850
3410    3850
3411    3850
3412    3850
3413    3850
3414    3850
3415    3850
3416    3850
3417    3850
3418    3850
3419    3850
3420    3850
3421    3679
3422    3679
3423    3679
3424    3679
3425    3679
3426    3679
3427    3679
3428    3679
3429    3679
3430    3679
3431    3679
3432    3679
3433    4054
3434    4054
3435    4054
3436    4054
3437    4054
3438    4054
3439    3454
3440    3454
3441    3454
3442    3454
3443    3454
3444    3454
3445    3884
3446    3884
3447    3884
3448    3884
3449    3884
3450    3884
3451    3884
3452    3884
3453    3884
3454    3884
3455    3884
3456    3884
3457    3720
3458    3720
3459    3720
3460    3720
3461    3720
3462    3720
3463    3720
3464    3720
3465    3720
3466    3720
3467    3720
3468    3720
3469    4016
3470    4016
3471    4016
3472    4016
3473    4016
3474    4016
3475    3392
3476    3392
3477    3392
3478    3392
3479    3392
3480    3392
3481    3862
3482    3862
3483    3862
3484    3862
3485    3862
3486    3862
3487    3862
3488    3862
3489    3862
3490    3862
3491    3862
3492    3862
3493    3688
3494    3688
3495    3688
3496    3688
3497    3688
3498    3688
3499    3688
3500    3688
3501    3688
3502    3688
3503    3688
3504    3688
3505    4051
3506    4051
3507    4051
3508    4051
3509    4051
3510    4051
3511    3429
3512    3429
3513    3429
3514    3429
3515    3429
3516    3429
3517    3834
3518    3834
3519    3834
3520    3834
3521    3834
3522    3834
3523    3834
3524    3834
3525    3834
3526    3834
3527    3834
3528    3834
3529    3666
3530    3666
3531    3666
3532    3666
3533    3666
3534    3666
3535    3666
3536    3666
3537    3666
3538    3666
3539    3666
3540    3666
3541    3993
3542    3993
3543    3993
3544    3993
3545    3993
3546    3993
3547    3405
3548    3405
3549    3405
3550    3405
3551    3405
3552    3405
3553    3868
3554    3868
3555    3868
3556    3868
3557    3868
3558    3868
3559    3868
3560    3868
3561    3868
3562    3868
3563    3868
3564    3868
3565    3675
3566    3675
3567    3675
3568    3675
3569    3675
3570    3675
3571    3675
3572    3675
3573    3675
3574    3675
3575    3675
3576    3675
3577    4019
3578    4019
3579    4019
3580    4019
3581    4019
3582    4019
3583    3384
3584    3384
3585    3384
3586    3384
3587    3384
3588    3384
3589    3819
3590    3819
3591    3819
3592    3819
3593    3819
3594    3819
3595    3819
3596    3819
3597    3819
3598    3819
3599    3819
3600    3819
3601    3672
3602    3672
3603    3672
3604    3672
3605    3672
3606    3672
3607    3672
3608    3672
3609    3672
3610    3672
3611    3672
3612    3672
3613    4075
3614    4075
3615    4075
3616    4075
3617    4075
3618    4075
3619    3462
3620    3462
3621    3462
3622    3462
3623    3462
3624    3462
3625    3875
3626    3875
3627    3875
3628    3875
3629    3875
3630    3875
3631    3875
3632    3875
3633    3875
3634    3875
3635    3875
3636    3875
3637    3704
3638    3704
3639    3704
3640    3704
3641    3704
3642    3704
3643    3704
3644    3704
3645    3704
3646    3704
3647    3704
3648    3704
3649    4024
3650    4024
3651    4024
3652    4024
3653    4024
3654    4024
3655    3408
3656    3408
3657    3408
3658    3408
3659    3408
3660    3408
3661    3821
3662    3821
3663    3821
3664    3821
3665    3821
3666    3821
3667    3821
3668    3821
3669    3821
3670    3821
3671    3821
3672    3821
3673    3658
3674    3658
3675    3658
3676    3658
3677    3658
3678    3658
3679    3658
3680    3658
3681    3658
3682    3658
3683    3658
3684    3658
3685    3991
3686    3991
3687    3991
3688    3991
3689    3991
3690    3991
3691    3356
3692    3356
3693    3356
3694    3356
3695    3356
3696    3356
3697    3838
3698    3838
3699    3838
3700    3838
3701    3838
3702    3838
3703    3838
3704    3838
3705    3838
3706    3838
3707    3838
3708    3838
3709    3656
3710    3656
3711    3656
3712    3656
3713    3656
3714    3656
3715    3656
3716    3656
3717    3656
3718    3656
3719    3656
3720    3656
3721    4050
3722    4050
3723    4050
3724    4050
3725    4050
3726    4050
3727    3440
3728    3440
3729    3440
3730    3440
3731    3440
3732    3440
3733    3897
3734    3897
3735    3897
3736    3897
3737    3897
3738    3897
3739    3897
3740    3897
3741    3897
3742    3897
3743    3897
3744    3897
3745    3748
3746    3748
3747    3748
3748    3748
3749    3748
3750    3748
3751    3748
3752    3748
3753    3748
3754    3748
3755    3748
3756    3748
3757    4080
3758    4080
3759    4080
3760    4080
3761    4080
3762    4080
3763    3494
3764    3494
3765    3494
3766    3494
3767    3494
3768    3494
3769    3891
3770    3891
3771    3891
3772    3891
3773    3891
3774    3891
3775    3891
3776    3891
3777    3891
3778    3891
3779    3891
3780    3891
3781    3728
3782    3728
3783    3728
3784    3728
3785    3728
3786    3728
3787    3728
3788    3728
3789    3728
3790    3728
3791    3728
3792    3728
3793    4100
3794    4100
3795    4100
3796    4100
3797    4100
3798    4100
3799    3485
3800    3485
3801    3485
3802    3485
3803    3485
3804    3485
3805    3921
3806    3921
3807    3921
3808    3921
3809    3921
3810    3921
3811    3921
3812    3921
3813    3921
3814    3921
3815    3921
3816    3921
3817    3769
3818    3769
3819    3769
3820    3769
3821    3769
3822    3769
3823    3769
3824    3769
3825    3769
3826    3769
3827    3769
3828    3769
3829    4082
3830    4082
3831    4082
3832    4082
3833    4082
3834    4082
3835    3487
3836    3487
3837    3487
3838    3487
3839    3487
3840    3487
3841    3883
3842    3883
3843    3883
3844    3883
3845    3883
3846    3883
3847    3883
3848    3883
3849    3883
3850    3883
3851    3883
3852    3883
3853    3737
3854    3737
3855    3737
3856    3737
3857    3737
3858    3737
3859    3737
3860    3737
3861    3737
3862    3737
3863    3737
3864    3737
3865    4031
3866    4031
3867    4031
3868    4031
3869    4031
3870    4031
3871    3404
3872    3404
3873    3404
3874    3404
3875    3404
3876    3404
3877    3842
3878    3842
3879    3842
3880    3842
3881    3842
3882    3842
3883    3842
3884    3842
3885    3842
3886    3842
3887    3842
3888    3842
3889    3696
3890    3696
3891    3696
3892    3696
3893    3696
3894    3696
3895    3696
3896    3696
3897    3696
3898    3696
3899    3696
3900    3696
3901    4053
3902    4053
3903    4053
3904    4053
3905    4053
3906    4053
3907    3439
3908    3439
3909    3439
3910    3439
3911    3439
3912    3439
3913    3908
3914    3908
3915    3908
3916    3908
3917    3908
3918    3908
3919    3908
3920    3908
3921    3908
3922    3908
3923    3908
3924    3908
3925    3714
3926    3714
3927    3714
3928    3714
3929    3714
3930    3714
3931    3714
3932    3714
3933    3714
3934    3714
3935    3714
3936    3714
3937    4065
3938    4065
3939    4065
3940    4065
3941    4065
3942    4065
3943    3449
3944    3449
3945    3449
3946    3449
3947    3449
3948    3449
3949    3902
3950    3902
3951    3902
3952    3902
3953    3902
3954    3902
3955    3902
3956    3902
3957    3902
3958    3902
3959    3902
3960    3902
3961    3762
3962    3762
3963    3762
3964    3762
3965    3762
3966    3762
3967    3762
3968    3762
3969    3762
3970    3762
3971    3762
3972    3762
3973    4064
3974    4064
3975    4064
3976    4064
3977    4064
3978    4064
3979    3452
3980    3452
3981    3452
3982    3452
3983    3452
3984    3452
3985    3894
3986    3894
3987    3894
3988    3894
3989    3894
3990    3894
3991    3894
3992    3894
3993    3894
3994    3894
3995    3894
3996    3894
3997    3703
3998    3703
3999    3703
4000    3703
4001    3703
4002    3703
4003    3703
4004    3703
4005    3703
4006    3703
4007    3703
4008    3703
4009    4028
4010    4028
4011    4028
4012    4028
4013    4028
4014    4028
4015    3397
4016    3397
4017    3397
4018    3397
4019    3397
4020    3397
4021    3830
4022    3830
4023    3830
4024    3830
4025    3830
4026    3830
4027    3830
4028    3830
4029    3830
4030    3830
4031    3830
4032    3830
4033    3660
4034    3660
4035    3660
4036    3660
4037    3660
4038    3660
4039    3660
4040    3660
4041    3660
4042    3660
4043    3660
4044    3660
4045    4035
4046    4035
4047    4035
4048    4035
4049    4035
4050    4035
4051    3410
4052    3410
4053    3410
4054    3410
4055    3410
4056    3410
4057    3877
4058    3877
4059    3877
4060    3877
4061    3877
4062    3877
4063    3877
4064    3877
4065    3877
4066    3877
4067    3877
4068    3877
4069    3703
4070    3703
4071    3703
4072    3703
4073    3703
4074    3703
4075    3703
4076    3703
4077    3703
4078    3703
4079    3703
4080    3703
4081    4069
4082    4069
4083    4069
4084    4069
4085    4069
4086    4069
4087    3458
4088    3458
4089    3458
4090    3458
4091    3458
4092    3458
4093    3865
4094    3865
4095    3865
4096    3865
4097    3865
4098    3865
4099    3865
4100    3865
4101    3865
4102    3865
4103    3865
4104    3865
4105    3681
4106    3681
4107    3681
4108    3681
4109    3681
4110    3681
4111    3681
4112    3681
4113    3681
4114    3681
4115    3681
4116    3681
4117    4005
4118    4005
4119    4005
4120    4005
4121    4005
4122    4005
4123    3376
4124    3376
4125    3376
4126    3376
4127    3376
4128    3376
4129    3865
4130    3865
4131    3865
4132    3865
4133    3865
4134    3865
4135    3865
4136    3865
4137    3865
4138    3865
4139    3865
4140    3865
4141    3706
4142    3706
4143    3706
4144    3706
4145    3706
4146    3706
4147    3706
4148    3706
4149    3706
4150    3706
4151    3706
4152    3706
4153    4057
4154    4057
4155    4057
4156    4057
4157    4057
4158    4057
4159    3447
4160    3447
4161    3447
4162    3447
4163    3447
4164    3447
4165    3857
4166    3857
4167    3857
4168    3857
4169    3857
4170    3857
4171    3857
4172    3857
4173    3857
4174    3857
4175    3857
4176    3857
4177    3713
4178    3713
4179    3713
4180    3713
4181    3713
4182    3713
4183    3713
4184    3713
4185    3713
4186    3713
4187    3713
4188    3713
4189    4048
4190    4048
4191    4048
4192    4048
4193    4048
4194    4048
4195    3423
4196    3423
4197    3423
4198    3423
4199    3423
4200    3423
4201    3888
4202    3888
4203    3888
4204    3888
4205    3888
4206    3888
4207    3888
4208    3888
4209    3888
4210    3888
4211    3888
4212    3888
4213    3716
4214    3716
4215    3716
4216    3716
4217    3716
4218    3716
4219    3716
4220    3716
4221    3716
4222    3716
4223    3716
4224    3716
4225    4080
4226    4080
4227    4080
4228    4080
4229    4080
4230    4080
4231    3486
4232    3486
4233    3486
4234    3486
4235    3486
4236    3486
4237    3900
4238    3900
4239    3900
4240    3900
4241    3900
4242    3900
4243    3900
4244    3900
4245    3900
4246    3900
4247    3900
4248    3900
4249    3720
4250    3720
4251    3720
4252    3720
4253    3720
4254    3720
4255    3720
4256    3720
4257    3720
4258    3720
4259    3720
4260    3720
4261    4056
4262    4056
4263    4056
4264    4056
4265    4056
4266    4056
4267    3444
4268    3444
4269    3444
4270    3444
4271    3444
4272    3444
4273    3885
4274    3885
4275    3885
4276    3885
4277    3885
4278    3885
4279    3885
4280    3885
4281    3885
4282    3885
4283    3885
4284    3885
4285    3680
4286    3680
4287    3680
4288    3680
4289    3680
4290    3680
4291    3680
4292    3680
4293    3680
4294    3680
4295    3680
4296    3680
4297    4032
4298    4032
4299    4032
4300    4032
4301    4032
4302    4032
4303    3442
4304    3442
4305    3442
4306    3442
4307    3442
4308    3442
4309    3871
4310    3871
4311    3871
4312    3871
4313    3871
4314    3871
4315    3871
4316    3871
4317    3871
4318    3871
4319    3871
4320    3871
4321    3673
4322    3673
4323    3673
4324    3673
4325    3673
4326    3673
4327    3673
4328    3673
4329    3673
4330    3673
4331    3673
4332    3673
4333    4020
4334    4020
4335    4020
4336    4020
4337    4020
4338    4020
4339    3396
4340    3396
4341    3396
4342    3396
4343    3396
4344    3396
4345    3865
4346    3865
4347    3865
4348    3865
4349    3865
4350    3865
4351    3865
4352    3865
4353    3865
4354    3865
4355    3865
4356    3865
4357    3686
4358    3686
4359    3686
4360    3686
4361    3686
4362    3686
4363    3686
4364    3686
4365    3686
4366    3686
4367    3686
4368    3686
4369    4015
4370    4015
4371    4015
4372    4015
4373    4015
4374    4015
4375    3396
4376    3396
4377    3396
4378    3396
4379    3396
4380    3396
4381    3880
4382    3880
4383    3880
4384    3880
4385    3880
4386    3880
4387    3880
4388    3880
4389    3880
4390    3880
4391    3880
4392    3880
4393    3741
4394    3741
4395    3741
4396    3741
4397    3741
4398    3741
4399    3741
4400    3741
4401    3741
4402    3741
4403    3741
4404    3741
4405    4075
4406    4075
4407    4075
4408    4075
4409    4075
4410    4075
4411    3471
4412    3471
4413    3471
4414    3471
4415    3471
4416    3471
4417    3840
4418    3840
4419    3840
4420    3840
4421    3840
4422    3840
4423    3840
4424    3840
4425    3840
4426    3840
4427    3840
4428    3840
4429    3686
4430    3686
4431    3686
4432    3686
4433    3686
4434    3686
4435    3686
4436    3686
4437    3686
4438    3686
4439    3686
4440    3686
4441    4003
4442    4003
4443    4003
4444    4003
4445    4003
4446    4003
4447    3376
4448    3376
4449    3376
4450    3376
4451    3376
4452    3376
4453    3806
4454    3806
4455    3806
4456    3806
4457    3806
4458    3806
4459    3806
4460    3806
4461    3806
4462    3806
4463    3806
4464    3806
4465    3678
4466    3678
4467    3678
4468    3678
4469    3678
4470    3678
4471    3678
4472    3678
4473    3678
4474    3678
4475    3678
4476    3678
4477    4007
4478    4007
4479    4007
4480    4007
4481    4007
4482    4007
4483    3398
4484    3398
4485    3398
4486    3398
4487    3398
4488    3398
4489    3891
4490    3891
4491    3891
4492    3891
4493    3891
4494    3891
4495    3891
4496    3891
4497    3891
4498    3891
4499    3891
4500    3891
4501    3729
4502    3729
4503    3729
4504    3729
4505    3729
4506    3729
4507    3729
4508    3729
4509    3729
4510    3729
4511    3729
4512    3729
4513    4064
4514    4064
4515    4064
4516    4064
4517    4064
4518    4064
4519    3442
4520    3442
4521    3442
4522    3442
4523    3442
4524    3442
4525    3892
4526    3892
4527    3892
4528    3892
4529    3892
4530    3892
4531    3892
4532    3892
4533    3892
4534    3892
4535    3892
4536    3892
4537    3704
4538    3704
4539    3704
4540    3704
4541    3704
4542    3704
4543    3704
4544    3704
4545    3704
4546    3704
4547    3704
4548    3704
4549    4051
4550    4051
4551    4051
4552    4051
4553    4051
4554    4051
4555    3477
4556    3477
4557    3477
4558    3477
4559    3477
4560    3477
4561    3911
4562    3911
4563    3911
4564    3911
4565    3911
4566    3911
4567    3911
4568    3911
4569    3911
4570    3911
4571    3911
4572    3911
4573    3746
4574    3746
4575    3746
4576    3746
4577    3746
4578    3746
4579    3746
4580    3746
4581    3746
4582    3746
4583    3746
4584    3746
4585    4032
4586    4032
4587    4032
4588    4032
4589    4032
4590    4032
4591    3402
4592    3402
4593    3402
4594    3402
4595    3402
4596    3402
4597    3853
4598    3853
4599    3853
4600    3853
4601    3853
4602    3853
4603    3853
4604    3853
4605    3853
4606    3853
4607    3853
4608    3853
4609    3657
4610    3657
4611    3657
4612    3657
4613    3657
4614    3657
4615    3657
4616    3657
4617    3657
4618    3657
4619    3657
4620    3657
4621    4050
4622    4050
4623    4050
4624    4050
4625    4050
4626    4050
4627    3443
4628    3443
4629    3443
4630    3443
4631    3443
4632    3443
4633    3884
4634    3884
4635    3884
4636    3884
4637    3884
4638    3884
4639    3884
4640    3884
4641    3884
4642    3884
4643    3884
4644    3884
4645    3740
4646    3740
4647    3740
4648    3740
4649    3740
4650    3740
4651    3740
4652    3740
4653    3740
4654    3740
4655    3740
4656    3740
4657    4038
4658    4038
4659    4038
4660    4038
4661    4038
4662    4038
4663    3418
4664    3418
4665    3418
4666    3418
4667    3418
4668    3418
4669    3850
4670    3850
4671    3850
4672    3850
4673    3850
4674    3850
4675    3850
4676    3850
4677    3850
4678    3850
4679    3850
4680    3850
4681    3679
4682    3679
4683    3679
4684    3679
4685    3679
4686    3679
4687    3679
4688    3679
4689    3679
4690    3679
4691    3679
4692    3679
4693    4022
4694    4022
4695    4022
4696    4022
4697    4022
4698    4022
4699    3373
4700    3373
4701    3373
4702    3373
4703    3373
4704    3373
4705    3821
4706    3821
4707    3821
4708    3821
4709    3821
4710    3821
4711    3821
4712    3821
4713    3821
4714    3821
4715    3821
4716    3821
4717    3654
4718    3654
4719    3654
4720    3654
4721    3654
4722    3654
4723    3654
4724    3654
4725    3654
4726    3654
4727    3654
4728    3654
4729    3988
4730    3988
4731    3988
4732    3988
4733    3988
4734    3988
4735    3371
4736    3371
4737    3371
4738    3371
4739    3371
4740    3371
4741    3806
4742    3806
4743    3806
4744    3806
4745    3806
4746    3806
4747    3806
4748    3806
4749    3806
4750    3806
4751    3806
4752    3806
4753    3635
4754    3635
4755    3635
4756    3635
4757    3635
4758    3635
4759    3635
4760    3635
4761    3635
4762    3635
4763    3635
4764    3635
4765    4008
4766    4008
4767    4008
4768    4008
4769    4008
4770    4008
4771    3394
4772    3394
4773    3394
4774    3394
4775    3394
4776    3394
4777    3845
4778    3845
4779    3845
4780    3845
4781    3845
4782    3845
4783    3845
4784    3845
4785    3845
4786    3845
4787    3845
4788    3845
4789    3681
4790    3681
4791    3681
4792    3681
4793    3681
4794    3681
4795    3681
4796    3681
4797    3681
4798    3681
4799    3681
4800    3681
4801    3987
4802    3987
4803    3987
4804    3987
4805    3987
4806    3987
4807    3361
4808    3361
4809    3361
4810    3361
4811    3361
4812    3361
4813    3796
4814    3796
4815    3796
4816    3796
4817    3796
4818    3796
4819    3796
4820    3796
4821    3796
4822    3796
4823    3796
4824    3796
4825    3660
4826    3660
4827    3660
4828    3660
4829    3660
4830    3660
4831    3660
4832    3660
4833    3660
4834    3660
4835    3660
4836    3660
4837    4005
4838    4005
4839    4005
4840    4005
4841    4005
4842    4005
4843    3385
4844    3385
4845    3385
4846    3385
4847    3385
4848    3385
4849    3845
4850    3845
4851    3845
4852    3845
4853    3845
4854    3845
4855    3845
4856    3845
4857    3845
4858    3845
4859    3845
4860    3845
4861    3677
4862    3677
4863    3677
4864    3677
4865    3677
4866    3677
4867    3677
4868    3677
4869    3677
4870    3677
4871    3677
4872    3677
4873    4023
4874    4023
4875    4023
4876    4023
4877    4023
4878    4023
4879    3403
4880    3403
4881    3403
4882    3403
4883    3403
4884    3403
4885    3844
4886    3844
4887    3844
4888    3844
4889    3844
4890    3844
4891    3844
4892    3844
4893    3844
4894    3844
4895    3844
4896    3844
4897    3675
4898    3675
4899    3675
4900    3675
4901    3675
4902    3675
4903    3675
4904    3675
4905    3675
4906    3675
4907    3675
4908    3675
4909    4017
4910    4017
4911    4017
4912    4017
4913    4017
4914    4017
4915    3406
4916    3406
4917    3406
4918    3406
4919    3406
4920    3406
4921    3864
4922    3864
4923    3864
4924    3864
4925    3864
4926    3864
4927    3864
4928    3864
4929    3864
4930    3864
4931    3864
4932    3864
4933    3696
4934    3696
4935    3696
4936    3696
4937    3696
4938    3696
4939    3696
4940    3696
4941    3696
4942    3696
4943    3696
4944    3696
4945    4042
4946    4042
4947    4042
4948    4042
4949    4042
4950    4042
4951    3434
4952    3434
4953    3434
4954    3434
4955    3434
4956    3434
4957    3855
4958    3855
4959    3855
4960    3855
4961    3855
4962    3855
4963    3855
4964    3855
4965    3855
4966    3855
4967    3855
4968    3855
4969    3695
4970    3695
4971    3695
4972    3695
4973    3695
4974    3695
4975    3695
4976    3695
4977    3695
4978    3695
4979    3695
4980    3695
4981    4071
4982    4071
4983    4071
4984    4071
4985    4071
4986    4071
4987    3478
4988    3478
4989    3478
4990    3478
4991    3478
4992    3478
4993    3891
4994    3891
4995    3891
4996    3891
4997    3891
4998    3891
4999    3891
5000    3891
