0.0
0.0
0.0
0.0
0.0
46.48
46.48
46.48
46.48
46.48
46.48
67.35
67.35
67.35
67.35
67.35
67.35
67.35
67.35
67.35
67.35
67.35
67.35
67.35
67.35
67.35
67.35
67.35
67.35
67.35
67.35
67.35
67.35
67.35
67.35
67.35
67.35
67.35
67.35
67.35
67.35
67.35
67.35
67.35
67.35
67.35
67.35
67.35
67.35
67.35
67.35
67.35
67.35
67.35
67.33
67.29
67.29
67.29
67.29
77.18
77.18
77.18
77.18
77.18
77.18
77.18
77.18
77.18
77.18
77.18
77.18
77.18
77.18
77.18
77.18
77.18
77.18
77.18
77.18
77.18
77.18
77.18
77.18
77.18
77.18
77.18
77.18
77.18
77.18
77.18
77.18
77.18
77.18
77.18
77.18
77.18
77.18
77.18
77.18
77.18
77.18
77.18
77.18
77.12
77.11
77.12
77.12
81.52
81.52
81.52
81.52
81.52
81.52
81.52
81.52
81.52
81.52
81.52
81.52
81.52
81.52
81.52
81.52
81.52
81.52
81.52
81.52
81.52
81.52
81.52
81.52
81.52
81.52
81.52
81.52
81.52
81.52
81.52
81.52
81.52
81.52
81.52
81.52
81.52
81.52
81.52
81.54
81.55
81.55
81.54
81.54
81.47
81.46
81.48
81.5
84.26
84.26
84.26
84.26
84.26
84.26
84.26
84.26
84.26
84.26
84.26
84.26
84.26
84.26
84.26
84.26
84.26
84.26
84.26
84.26
84.26
84.26
84.26
84.26
84.26
84.26
84.26
84.26
84.26
84.26
84.26
84.26
84.26
84.26
84.26
84.26
84.26
84.26
84.26
84.24
84.2
84.19
84.26
84.27
84.11
84.1
84.05
84.05
83.98
83.98
83.98
83.98
83.98
83.98
83.98
83.98
83.98
83.98
83.98
83.98
83.98
83.98
83.98
83.98
83.98
83.98
83.98
83.98
83.98
83.98
83.98
83.98
83.98
83.98
83.98
83.98
83.98
83.98
83.98
83.98
83.98
83.98
83.98
83.98
83.98
83.98
83.98
83.96
83.94
83.92
83.87
83.84
83.82
83.81
83.48
83.48
82.59
82.59
82.59
82.59
82.59
82.59
82.59
82.59
82.59
82.59
82.59
82.59
82.59
82.59
82.59
82.59
82.59
82.59
82.59
82.59
82.59
82.59
82.59
82.59
82.59
82.59
82.59
82.59
82.59
82.59
82.59
82.59
82.59
82.59
82.59
82.59
82.59
82.59
82.59
82.56
82.33
82.33
81.91
81.87
81.57
81.55
81.13
81.11
79.81
79.81
79.81
79.81
79.81
79.81
79.81
79.81
79.81
79.81
79.81
79.81
79.81
79.81
79.81
79.81
79.81
79.81
79.81
79.81
79.81
79.81
79.81
79.81
79.81
79.81
79.81
79.81
79.81
79.81
79.81
79.81
79.81
79.81
79.81
79.81
79.81
79.81
79.81
79.78
79.73
79.74
79.39
79.4
78.94
78.89
78.61
78.53
78.45
78.45
78.45
78.45
78.45
78.45
78.45
78.45
78.45
78.45
78.45
78.45
78.45
78.45
78.45
78.45
78.45
78.45
78.45
78.45
78.45
78.45
78.45
78.45
78.45
78.45
78.45
78.45
78.45
78.45
78.45
78.45
78.45
78.45
78.45
78.45
78.45
78.45
78.45
78.46
78.07
78.07
77.91
77.88
77.37
77.37
76.14
76.12
74.8
74.8
74.8
74.8
74.8
74.8
74.8
74.8
74.8
74.8
74.8
74.8
74.8
74.8
74.8
74.8
74.8
74.8
74.8
74.8
74.8
74.8
74.8
74.8
74.8
74.8
74.8
74.8
74.8
74.8
74.8
74.8
74.8
74.8
74.8
74.8
74.8
74.8
74.81
74.74
74.5
74.51
73.71
73.69
72.84
72.71
72.33
72.29
73.14
73.14
73.14
73.14
73.14
73.14
73.14
73.14
73.14
73.14
73.14
73.14
73.14
73.14
73.14
73.14
73.14
73.14
73.14
73.14
73.14
73.14
73.14
73.14
73.14
73.14
73.14
73.14
73.14
73.14
73.14
73.14
73.14
73.14
73.14
73.14
73.14
73.14
73.14
73.21
72.95
72.89
72.45
72.51
71.77
71.75
71.14
71.05
72.06
72.06
72.06
72.06
72.06
72.06
72.06
72.06
72.06
72.06
72.06
72.06
72.06
72.06
72.06
72.06
72.06
72.06
72.06
72.06
72.06
72.06
72.06
72.06
72.06
72.06
72.06
72.06
72.06
72.06
72.06
72.06
72.06
72.06
72.06
72.06
72.06
72.06
72.06
72.05
71.79
71.74
71.09
70.96
70.18
70.14
69.18
69.13
69.47
69.47
69.47
69.47
69.47
69.47
69.47
69.47
69.47
69.47
69.47
69.47
69.47
69.47
69.47
69.47
69.47
69.47
69.47
69.47
69.47
69.47
69.47
69.47
69.47
69.47
69.47
69.47
69.47
69.47
69.47
69.47
69.47
69.47
69.47
69.47
69.47
69.47
69.48
69.49
68.87
68.71
67.7
67.66
66.95
66.81
65.64
65.64
66.23
66.23
66.23
66.23
66.23
66.23
66.23
66.23
66.23
66.23
66.23
66.23
66.23
66.23
66.23
66.23
66.23
66.23
66.23
66.23
66.23
66.23
66.23
66.23
66.23
66.23
66.23
66.23
66.23
66.23
66.23
66.23
66.23
66.23
66.23
66.23
66.23
66.23
66.24
66.2
65.57
65.48
64.87
64.82
63.95
63.94
62.79
62.75
63.66
63.66
63.66
63.66
63.66
63.66
63.66
63.66
63.66
63.66
63.66
63.66
63.66
63.66
63.66
63.66
63.66
63.66
63.66
63.66
63.66
63.66
63.66
63.66
63.66
63.66
63.66
63.66
63.66
63.66
63.66
63.66
63.66
63.66
63.66
63.66
63.66
63.67
63.65
63.66
63.16
63.12
62.53
62.42
61.36
61.4
60.16
60.09
61.45
61.45
61.45
61.45
61.45
61.45
61.45
61.45
61.45
61.45
61.45
61.45
61.45
61.45
61.45
61.45
61.45
61.45
61.45
61.45
61.45
61.45
61.45
61.45
61.45
61.45
61.45
61.45
61.45
61.45
61.45
61.45
61.45
61.45
61.45
61.45
61.45
61.45
61.44
61.38
61.27
61.16
61.0
61.02
59.84
59.79
59.08
58.96
59.74
59.74
59.74
59.74
59.74
59.74
59.74
59.74
59.74
59.74
59.74
59.74
59.74
59.74
59.74
59.74
59.74
59.74
59.74
59.74
59.74
59.74
59.74
59.74
59.74
59.74
59.74
59.74
59.74
59.74
59.74
59.74
59.74
59.74
59.74
59.74
59.74
59.74
59.76
59.78
59.62
59.56
59.02
58.92
58.41
58.33
57.45
57.33
57.81
57.81
57.81
57.81
57.81
57.81
57.81
57.81
57.81
57.81
57.81
57.81
57.81
57.81
57.81
57.81
57.81
57.81
57.81
57.81
57.81
57.81
57.81
57.81
57.81
57.81
57.81
57.81
57.81
57.81
57.81
57.81
57.81
57.81
57.81
57.81
57.81
57.81
57.72
57.76
57.74
57.69
57.72
57.58
57.34
57.11
55.65
55.61
56.39
56.39
56.39
56.39
56.39
56.39
56.39
56.39
56.39
56.39
56.39
56.39
56.39
56.39
56.39
56.39
56.39
56.39
56.39
56.39
56.39
56.39
56.39
56.39
56.39
56.39
56.39
56.39
56.39
56.39
56.39
56.39
56.39
56.39
56.39
56.39
56.39
56.4
56.49
56.5
57.21
57.21
57.64
57.52
56.59
56.61
55.7
55.62
56.59
56.59
56.59
56.59
56.59
56.59
56.59
56.59
56.59
56.59
56.59
56.59
56.59
56.59
56.59
56.59
56.59
56.59
56.59
56.59
56.59
56.59
56.59
56.59
56.59
56.59
56.59
56.59
56.59
56.59
56.59
56.59
56.59
56.59
56.59
56.59
56.59
56.59
56.66
56.68
57.39
57.36
58.18
58.09
57.52
57.51
56.81
56.7
57.55
57.55
57.55
57.55
57.55
57.55
57.55
57.55
57.55
57.55
57.55
57.55
57.55
57.55
57.55
57.55
57.55
57.55
57.55
57.55
57.55
57.55
57.55
57.55
57.55
57.55
57.55
57.55
57.55
57.55
57.55
57.55
57.55
57.55
57.55
57.55
57.55
57.55
57.79
57.72
57.71
57.67
58.68
58.6
57.9
57.78
57.65
57.67
58.2
58.2
58.2
58.2
58.2
58.2
58.2
58.2
58.2
58.2
58.2
58.2
58.2
58.2
58.2
58.2
58.2
58.2
58.2
58.2
58.2
58.2
58.2
58.2
58.2
58.2
58.2
58.2
58.2
58.2
58.2
58.2
58.2
58.2
58.2
58.2
58.2
58.2
58.36
58.37
58.37
58.37
58.2
58.19
57.61
57.44
57.07
57.03
57.5
57.5
57.5
57.5
57.5
57.5
57.5
57.5
57.5
57.5
57.5
57.5
57.5
57.5
57.5
57.5
57.5
57.5
57.5
57.5
57.5
57.5
57.5
57.5
57.5
57.5
57.5
57.5
57.5
57.5
57.5
57.5
57.5
57.5
57.5
57.5
57.5
57.51
57.63
57.7
58.29
58.33
59.02
59.02
58.13
58.12
56.84
56.82
56.54
56.54
56.54
56.54
56.54
56.54
56.54
56.54
56.54
56.54
56.54
56.54
56.54
56.54
56.54
56.54
56.54
56.54
56.54
56.54
56.54
56.54
56.54
56.54
56.54
56.54
56.54
56.54
56.54
56.54
56.54
56.54
56.54
56.54
56.54
56.54
56.54
56.57
56.73
56.82
57.45
57.46
57.52
57.44
56.99
56.86
56.02
56.11
57.0
57.0
57.0
57.0
57.0
57.0
57.0
57.0
57.0
57.0
57.0
57.0
57.0
57.0
57.0
57.0
57.0
57.0
57.0
57.0
57.0
57.0
57.0
57.0
57.0
57.0
57.0
57.0
57.0
57.0
57.0
57.0
57.0
57.0
57.0
57.0
57.0
57.02
57.33
57.32
57.84
57.86
58.44
58.35
58.26
58.17
58.19
58.07
57.91
57.91
57.91
57.91
57.91
57.91
57.91
57.91
57.91
57.91
57.91
57.91
57.91
57.91
57.91
57.91
57.91
57.91
57.91
57.91
57.91
57.91
57.91
57.91
57.91
57.91
57.91
57.91
57.91
57.91
57.91
57.91
57.91
57.91
57.91
57.91
57.91
57.94
58.48
58.45
59.71
59.78
59.93
59.84
59.97
60.11
59.6
59.59
59.61
59.61
59.61
59.61
59.61
59.61
59.61
59.61
59.61
59.61
59.61
59.61
59.61
59.61
59.61
59.61
59.61
59.61
59.61
59.61
59.61
59.61
59.61
59.61
59.61
59.61
59.61
59.61
59.61
59.61
59.61
59.61
59.61
59.61
59.61
59.61
59.61
59.63
60.2
60.22
60.81
60.82
60.9
60.6
60.18
60.06
59.1
59.03
59.34
59.34
59.34
59.34
59.34
59.34
59.34
59.34
59.34
59.34
59.34
59.34
59.34
59.34
59.34
59.34
59.34
59.34
59.34
59.34
59.34
59.34
59.34
59.34
59.34
59.34
59.34
59.34
59.34
59.34
59.34
59.34
59.34
59.34
59.34
59.34
59.34
59.36
59.82
59.77
61.73
61.72
62.0
61.99
61.26
61.22
60.39
60.29
60.54
60.54
60.54
60.54
60.54
60.54
60.54
60.54
60.54
60.54
60.54
60.54
60.54
60.54
60.54
60.54
60.54
60.54
60.54
60.54
60.54
60.54
60.54
60.54
60.54
60.54
60.54
60.54
60.54
60.54
60.54
60.54
60.54
60.54
60.54
60.54
60.54
60.52
60.99
60.99
61.66
61.58
62.6
62.57
61.63
61.62
61.26
61.21
62.16
62.16
62.16
62.16
62.16
62.16
62.16
62.16
62.16
62.16
62.16
62.16
62.16
62.16
62.16
62.16
62.16
62.16
62.16
62.16
62.16
62.16
62.16
62.16
62.16
62.16
62.16
62.16
62.16
62.16
62.16
62.16
62.16
62.16
62.16
62.16
62.16
62.14
62.75
62.77
62.69
62.92
63.42
63.52
62.34
62.15
61.68
61.73
62.48
62.48
62.48
62.48
62.48
62.48
62.48
62.48
62.48
62.48
62.48
62.48
62.48
62.48
62.48
62.48
62.48
62.48
62.48
62.48
62.48
62.48
62.48
62.48
62.48
62.48
62.48
62.48
62.48
62.48
62.48
62.48
62.48
62.48
62.48
62.48
62.48
62.54
63.12
63.02
64.25
64.21
64.97
64.94
63.65
63.4
63.28
63.29
63.18
63.18
63.18
63.18
63.18
63.18
63.18
63.18
63.18
63.18
63.18
63.18
63.18
63.18
63.18
63.18
63.18
63.18
63.18
63.18
63.18
63.18
63.18
63.18
63.18
63.18
63.18
63.18
63.18
63.18
63.18
63.18
63.18
63.18
63.18
63.18
63.18
63.23
64.21
64.19
64.26
64.17
64.77
64.69
63.46
63.55
63.29
63.34
63.76
63.76
63.76
63.76
63.76
63.76
63.76
63.76
63.76
63.76
63.76
63.76
63.76
63.76
63.76
63.76
63.76
63.76
63.76
63.76
63.76
63.76
63.76
63.76
63.76
63.76
63.76
63.76
63.76
63.76
63.76
63.76
63.76
63.76
63.76
63.76
63.76
63.79
64.6
64.65
64.99
64.98
65.92
65.76
65.04
65.07
65.26
65.21
66.05
66.05
66.05
66.05
66.05
66.05
66.05
66.05
66.05
66.05
66.05
66.05
66.05
66.05
66.05
66.05
66.05
66.05
66.05
66.05
66.05
66.05
66.05
66.05
66.05
66.05
66.05
66.05
66.05
66.05
66.05
66.05
66.05
66.05
66.05
66.05
66.05
66.06
66.97
67.05
67.6
67.66
67.34
67.2
67.24
67.24
67.72
67.78
67.52
67.52
67.52
67.52
67.52
67.52
67.52
67.52
67.52
67.52
67.52
67.52
67.52
67.52
67.52
67.52
67.52
67.52
67.52
67.52
67.52
67.52
67.52
67.52
67.52
67.52
67.52
67.52
67.52
67.52
67.52
67.52
67.52
67.52
67.52
67.52
67.52
67.53
68.33
68.42
68.74
68.83
69.72
69.64
68.86
68.76
68.82
68.74
68.81
68.81
68.81
68.81
68.81
68.81
68.81
68.81
68.81
68.81
68.81
68.81
68.81
68.81
68.81
68.81
68.81
68.81
68.81
68.81
68.81
68.81
68.81
68.81
68.81
68.81
68.81
68.81
68.81
68.81
68.81
68.81
68.81
68.81
68.81
68.81
68.81
68.79
69.1
69.22
69.78
69.82
69.73
69.72
69.22
68.83
69.29
69.44
69.25
69.25
69.25
69.25
69.25
69.25
69.25
69.25
69.25
69.25
69.25
69.25
69.25
69.25
69.25
69.25
69.25
69.25
69.25
69.25
69.25
69.25
69.25
69.25
69.25
69.25
69.25
69.25
69.25
69.25
69.25
69.25
69.25
69.25
69.25
69.25
69.25
69.26
70.13
70.19
70.73
70.4
71.13
71.1
70.92
70.97
71.49
71.35
71.37
71.37
71.37
71.37
71.37
71.37
71.37
71.37
71.37
71.37
71.37
71.37
71.37
71.37
71.37
71.37
71.37
71.37
71.37
71.37
71.37
71.37
71.37
71.37
71.37
71.37
71.37
71.37
71.37
71.37
71.37
71.37
71.37
71.37
71.37
71.37
71.37
71.41
72.66
72.71
73.81
73.9
75.19
75.19
73.89
74.13
74.25
74.22
74.63
74.63
74.63
74.63
74.63
74.63
74.63
74.63
74.63
74.63
74.63
74.63
74.63
74.63
74.63
74.63
74.63
74.63
74.63
74.63
74.63
74.63
74.63
74.63
74.63
74.63
74.63
74.63
74.63
74.63
74.63
74.63
74.63
74.63
74.63
74.63
74.63
74.64
75.34
75.31
75.79
75.84
76.76
76.77
75.08
74.75
74.19
74.21
74.86
74.86
74.86
74.86
74.86
74.86
74.86
74.86
74.86
74.86
74.86
74.86
74.86
74.86
74.86
74.86
74.86
74.86
74.86
74.86
74.86
74.86
74.86
74.86
74.86
74.86
74.86
74.86
74.86
74.86
74.86
74.86
74.86
74.86
74.86
74.86
74.86
74.82
75.54
75.41
75.91
75.69
76.98
76.95
75.87
75.9
75.85
75.71
75.59
75.59
75.59
75.59
75.59
75.59
75.59
75.59
75.59
75.59
75.59
75.59
75.59
75.59
75.59
75.59
75.59
75.59
75.59
75.59
75.59
75.59
75.59
75.59
75.59
75.59
75.59
75.59
75.59
75.59
75.59
75.59
75.59
75.59
75.59
75.59
75.59
75.53
76.27
76.32
77.11
77.16
77.68
77.64
76.39
76.13
75.78
75.76
76.65
76.65
76.65
76.65
76.65
76.65
76.65
76.65
76.65
76.65
76.65
76.65
76.65
76.65
76.65
76.65
76.65
76.65
76.65
76.65
76.65
76.65
76.65
76.65
76.65
76.65
76.65
76.65
76.65
76.65
76.65
76.65
76.65
76.65
76.65
76.65
76.65
76.67
77.51
77.41
77.18
77.48
79.14
79.08
78.31
78.28
76.64
76.6
76.31
76.31
76.31
76.31
76.31
76.31
76.31
76.31
76.31
76.31
76.31
76.31
76.31
76.31
76.31
76.31
76.31
76.31
76.31
76.31
76.31
76.31
76.31
76.31
76.31
76.31
76.31
76.31
76.31
76.31
76.31
76.31
76.31
76.31
76.31
76.31
76.31
76.39
77.04
77.0
77.74
77.7
78.59
78.54
77.7
77.46
78.1
77.92
78.58
78.58
78.58
78.58
78.58
78.58
78.58
78.58
78.58
78.58
78.58
78.58
78.58
78.58
78.58
78.58
78.58
78.58
78.58
78.58
78.58
78.58
78.58
78.58
78.58
78.58
78.58
78.58
78.58
78.58
78.58
78.58
78.58
78.58
78.58
78.58
78.58
78.56
79.51
79.45
80.38
80.42
81.21
81.13
80.39
80.39
80.4
80.48
80.34
80.34
80.34
80.34
80.34
80.34
80.34
80.34
80.34
80.34
80.34
80.34
80.34
80.34
80.34
80.34
80.34
80.34
80.34
80.34
80.34
80.34
80.34
80.34
80.34
80.34
80.34
80.34
80.34
80.34
80.34
80.34
80.34
80.34
80.34
80.34
80.34
80.41
81.23
81.12
80.46
80.44
82.12
82.01
81.46
81.39
81.86
81.93
81.98
81.98
81.98
81.98
81.98
81.98
81.98
81.98
81.98
81.98
81.98
81.98
81.98
81.98
81.98
81.98
81.98
81.98
81.98
81.98
81.98
81.98
81.98
81.98
81.98
81.98
81.98
81.98
81.98
81.98
81.98
81.98
81.98
81.98
81.98
81.98
81.98
82.03
82.98
83.1
84.24
84.07
85.0
85.09
84.8
84.71
85.06
84.98
84.69
84.69
84.69
84.69
84.69
84.69
84.69
84.69
84.69
84.69
84.69
84.69
84.69
84.69
84.69
84.69
84.69
84.69
84.69
84.69
84.69
84.69
84.69
84.69
84.69
84.69
84.69
84.69
84.69
84.69
84.69
84.69
84.69
84.69
84.69
84.69
84.69
84.73
85.11
85.07
85.62
85.71
85.43
85.29
84.71
84.79
84.74
84.9
84.88
84.88
84.88
84.88
84.88
84.88
84.88
84.88
84.88
84.88
84.88
84.88
84.88
84.88
84.88
84.88
84.88
84.88
84.88
84.88
84.88
84.88
84.88
84.88
84.88
84.88
84.88
84.88
84.88
84.88
84.88
84.88
84.88
84.88
84.88
84.88
84.88
84.87
85.73
85.7
85.61
85.7
86.54
86.57
85.5
85.63
85.52
85.62
85.65
85.65
85.65
85.65
85.65
85.65
85.65
85.65
85.65
85.65
85.65
85.65
85.65
85.65
85.65
85.65
85.65
85.65
85.65
85.65
85.65
85.65
85.65
85.65
85.65
85.65
85.65
85.65
85.65
85.65
85.65
85.65
85.65
85.65
85.65
85.65
85.65
85.75
86.5
86.6
86.78
86.72
87.2
87.14
86.96
87.01
86.52
86.58
86.52
86.52
86.52
86.52
86.52
86.52
86.52
86.52
86.52
86.52
86.52
86.52
86.52
86.52
86.52
86.52
86.52
86.52
86.52
86.52
86.52
86.52
86.52
86.52
86.52
86.52
86.52
86.52
86.52
86.52
86.52
86.52
86.52
86.52
86.52
86.52
86.52
86.58
87.54
87.48
87.79
87.7
88.87
88.79
87.37
87.23
87.65
87.96
88.31
88.31
88.31
88.31
88.31
88.31
88.31
88.31
88.31
88.31
88.31
88.31
88.31
88.31
88.31
88.31
88.31
88.31
88.31
88.31
88.31
88.31
88.31
88.31
88.31
88.31
88.31
88.31
88.31
88.31
88.31
88.31
88.31
88.31
88.31
88.31
88.31
88.37
89.31
89.36
89.8
89.75
89.85
89.86
88.86
88.87
88.42
88.49
87.88
87.88
87.88
87.88
87.88
87.88
87.88
87.88
87.88
87.88
87.88
87.88
87.88
87.88
87.88
87.88
87.88
87.88
87.88
87.88
87.88
87.88
87.88
87.88
87.88
87.88
87.88
87.88
87.88
87.88
87.88
87.88
87.88
87.88
87.88
87.88
87.88
87.86
88.26
88.26
88.47
88.38
88.81
88.89
88.51
88.33
88.29
88.45
88.73
88.73
88.73
88.73
88.73
88.73
88.73
88.73
88.73
88.73
88.73
88.73
88.73
88.73
88.73
88.73
88.73
88.73
88.73
88.73
88.73
88.73
88.73
88.73
88.73
88.73
88.73
88.73
88.73
88.73
88.73
88.73
88.73
88.73
88.73
88.73
88.73
88.77
89.38
89.48
89.78
89.45
89.37
89.27
88.36
88.51
88.33
88.12
88.38
88.38
88.38
88.38
88.38
88.38
88.38
88.38
88.38
88.38
88.38
88.38
88.38
88.38
88.38
88.38
88.38
88.38
88.38
88.38
88.38
88.38
88.38
88.38
88.38
88.38
88.38
88.38
88.38
88.38
88.38
88.38
88.38
88.38
88.38
88.38
88.38
88.51
89.22
89.38
89.77
89.73
90.44
90.43
89.79
89.87
90.04
90.17
90.63
90.63
90.63
90.63
90.63
90.63
90.63
90.63
90.63
90.63
90.63
90.63
90.63
90.63
90.63
90.63
90.63
90.63
90.63
90.63
90.63
90.63
90.63
90.63
90.63
90.63
90.63
90.63
90.63
90.63
90.63
90.63
90.63
90.63
90.63
90.63
90.63
90.62
91.17
90.77
90.58
90.78
91.06
91.17
90.58
90.33
89.27
89.27
89.8
89.8
89.8
89.8
89.8
89.8
89.8
89.8
89.8
89.8
89.8
89.8
89.8
89.8
89.8
89.8
89.8
89.8
89.8
89.8
89.8
89.8
89.8
89.8
89.8
89.8
89.8
89.8
89.8
89.8
89.8
89.8
89.8
89.8
89.8
89.8
89.8
89.94
90.6
90.38
91.34
91.62
91.63
91.58
90.46
90.57
91.11
90.98
90.66
90.66
90.66
90.66
90.66
90.66
90.66
90.66
90.66
90.66
90.66
90.66
90.66
90.66
90.66
90.66
90.66
90.66
90.66
90.66
90.66
90.66
90.66
90.66
90.66
90.66
90.66
90.66
90.66
90.66
90.66
90.66
90.66
90.66
90.66
90.66
90.66
90.68
91.33
91.53
92.1
92.01
92.03
92.06
91.75
91.5
91.39
91.38
91.4
91.4
91.4
91.4
91.4
91.4
91.4
91.4
91.4
91.4
91.4
91.4
91.4
91.4
91.4
91.4
91.4
91.4
91.4
91.4
91.4
91.4
91.4
91.4
91.4
91.4
91.4
91.4
91.4
91.4
91.4
91.4
91.4
91.4
91.4
91.4
91.4
91.57
91.75
91.66
92.07
91.94
92.01
91.84
91.42
91.12
91.26
91.08
91.17
91.17
91.17
91.17
91.17
91.17
91.17
91.17
91.17
91.17
91.17
91.17
91.17
91.17
91.17
91.17
91.17
91.17
91.17
91.17
91.17
91.17
91.17
91.17
91.17
91.17
91.17
91.17
91.17
91.17
91.17
91.17
91.17
91.17
91.17
91.17
91.17
91.15
91.9
91.66
92.55
92.84
93.83
93.75
92.57
92.75
92.81
93.01
93.41
93.41
93.41
93.41
93.41
93.41
93.41
93.41
93.41
93.41
93.41
93.41
93.41
93.41
93.41
93.41
93.41
93.41
93.41
93.41
93.41
93.41
93.41
93.41
93.41
93.41
93.41
93.41
93.41
93.41
93.41
93.41
93.41
93.41
93.41
93.41
93.41
93.47
93.78
93.76
93.85
93.82
93.9
93.83
91.79
91.82
91.88
92.0
92.35
92.35
92.35
92.35
92.35
92.35
92.35
92.35
92.35
92.35
92.35
92.35
92.35
92.35
92.35
92.35
92.35
92.35
92.35
92.35
92.35
92.35
92.35
92.35
92.35
92.35
92.35
92.35
92.35
92.35
92.35
92.35
92.35
92.35
92.35
92.35
92.35
92.27
92.98
93.06
93.31
93.15
93.07
93.17
91.81
91.89
91.62
91.86
91.55
91.55
91.55
91.55
91.55
91.55
91.55
91.55
91.55
91.55
91.55
91.55
91.55
91.55
91.55
91.55
91.55
91.55
91.55
91.55
91.55
91.55
91.55
91.55
91.55
91.55
91.55
91.55
91.55
91.55
91.55
91.55
91.55
91.55
91.55
91.55
91.55
91.57
92.21
92.27
92.82
93.14
92.65
92.6
91.84
91.6
91.27
91.09
92.03
92.03
92.03
92.03
92.03
92.03
92.03
92.03
92.03
92.03
92.03
92.03
92.03
92.03
92.03
92.03
92.03
92.03
92.03
92.03
92.03
92.03
92.03
92.03
92.03
92.03
92.03
92.03
92.03
92.03
92.03
92.03
92.03
92.03
92.03
92.03
92.03
92.13
92.4
92.47
93.43
93.42
94.33
94.25
93.33
93.3
92.79
92.77
93.02
93.02
93.02
93.02
93.02
93.02
93.02
93.02
93.02
93.02
93.02
93.02
93.02
93.02
93.02
93.02
93.02
93.02
93.02
93.02
93.02
93.02
93.02
93.02
93.02
93.02
93.02
93.02
93.02
93.02
93.02
93.02
93.02
93.02
93.02
93.02
93.02
93.11
93.33
93.23
92.68
92.74
92.67
92.62
91.59
91.5
91.1
91.52
90.86
90.86
90.86
90.86
90.86
90.86
90.86
90.86
90.86
90.86
90.86
90.86
90.86
90.86
90.86
90.86
90.86
90.86
90.86
90.86
90.86
90.86
90.86
90.86
90.86
90.86
90.86
90.86
90.86
90.86
90.86
90.86
90.86
90.86
90.86
90.86
90.86
90.86
90.81
90.81
91.37
91.44
91.97
92.08
90.98
90.84
90.86
90.87
90.99
90.99
90.99
90.99
90.99
90.99
90.99
90.99
90.99
90.99
90.99
90.99
90.99
90.99
90.99
90.99
90.99
90.99
90.99
90.99
90.99
90.99
90.99
90.99
90.99
90.99
90.99
90.99
90.99
90.99
90.99
90.99
90.99
90.99
90.99
90.99
90.99
91.01
91.43
91.42
92.31
92.3
91.39
91.38
90.96
90.9
91.27
91.2
91.99
91.99
91.99
91.99
91.99
91.99
91.99
91.99
91.99
91.99
91.99
91.99
91.99
91.99
91.99
91.99
91.99
91.99
91.99
91.99
91.99
91.99
91.99
91.99
91.99
91.99
91.99
91.99
91.99
91.99
91.99
91.99
91.99
91.99
91.99
91.99
91.99
92.01
92.16
92.14
92.77
92.77
92.07
92.03
92.45
92.47
92.43
92.58
92.5
92.5
92.5
92.5
92.5
92.5
92.5
92.5
92.5
92.5
92.5
92.5
92.5
92.5
92.5
92.5
92.5
92.5
92.5
92.5
92.5
92.5
92.5
92.5
92.5
92.5
92.5
92.5
92.5
92.5
92.5
92.5
92.5
92.5
92.5
92.5
92.5
92.54
92.45
92.31
92.94
93.04
93.49
93.6
93.35
93.21
92.75
92.42
92.01
92.01
92.01
92.01
92.01
92.01
92.01
92.01
92.01
92.01
92.01
92.01
92.01
92.01
92.01
92.01
92.01
92.01
92.01
92.01
92.01
92.01
92.01
92.01
92.01
92.01
92.01
92.01
92.01
92.01
92.01
92.01
92.01
92.01
92.01
92.01
92.01
91.98
91.76
91.59
92.57
92.71
92.31
92.32
91.74
91.76
91.25
91.27
90.64
90.64
90.64
90.64
90.64
90.64
90.64
90.64
90.64
90.64
90.64
90.64
90.64
90.64
90.64
90.64
90.64
90.64
90.64
90.64
90.64
90.64
90.64
90.64
90.64
90.64
90.64
90.64
90.64
90.64
90.64
90.64
90.64
90.64
90.64
90.64
90.64
90.58
91.18
91.3
91.96
91.96
91.31
91.27
91.28
91.53
90.98
90.68
91.97
91.97
91.97
91.97
91.97
91.97
91.97
91.97
91.97
91.97
91.97
91.97
91.97
91.97
91.97
91.97
91.97
91.97
91.97
91.97
91.97
91.97
91.97
91.97
91.97
91.97
91.97
91.97
91.97
91.97
91.97
91.97
91.97
91.97
91.97
91.97
91.97
92.04
91.81
91.71
91.84
91.74
91.21
91.2
90.26
90.13
89.39
89.19
90.09
90.09
90.09
90.09
90.09
90.09
90.09
90.09
90.09
90.09
90.09
90.09
90.09
90.09
90.09
90.09
90.09
90.09
90.09
90.09
90.09
90.09
90.09
90.09
90.09
90.09
90.09
90.09
90.09
90.09
90.09
90.09
90.09
90.09
90.09
90.09
90.09
90.19
90.44
90.56
91.49
91.62
91.64
91.75
91.97
91.83
91.13
91.17
91.48
91.48
91.48
91.48
91.48
91.48
91.48
91.48
91.48
91.48
91.48
91.48
91.48
91.48
91.48
91.48
91.48
91.48
91.48
91.48
91.48
91.48
91.48
91.48
91.48
91.48
91.48
91.48
91.48
91.48
91.48
91.48
91.48
91.48
91.48
91.48
91.48
91.48
92.42
92.32
91.97
91.87
92.08
92.11
92.12
92.1
92.27
92.38
92.52
92.52
92.52
92.52
92.52
92.52
92.52
92.52
92.52
92.52
92.52
92.52
92.52
92.52
92.52
92.52
92.52
92.52
92.52
92.52
92.52
92.52
92.52
92.52
92.52
92.52
92.52
92.52
92.52
92.52
92.52
92.52
92.52
92.52
92.52
92.52
92.52
92.53
92.64
92.74
92.92
93.05
93.97
93.85
93.22
93.22
92.72
92.77
92.88
92.88
92.88
92.88
92.88
92.88
92.88
92.88
92.88
92.88
92.88
92.88
92.88
92.88
92.88
92.88
92.88
92.88
92.88
92.88
92.88
92.88
92.88
92.88
92.88
92.88
92.88
92.88
92.88
92.88
92.88
92.88
92.88
92.88
92.88
92.88
92.88
92.89
92.87
92.82
93.48
93.36
91.89
91.83
91.51
91.58
91.49
91.84
92.64
92.64
92.64
92.64
92.64
92.64
92.64
92.64
92.64
92.64
92.64
92.64
92.64
92.64
92.64
92.64
92.64
92.64
92.64
92.64
92.64
92.64
92.64
92.64
92.64
92.64
92.64
92.64
92.64
92.64
92.64
92.64
92.64
92.64
92.64
92.64
92.64
92.67
92.38
92.19
92.85
92.94
92.75
92.75
91.85
91.51
91.68
91.78
92.54
92.54
92.54
92.54
92.54
92.54
92.54
92.54
92.54
92.54
92.54
92.54
92.54
92.54
92.54
92.54
92.54
92.54
92.54
92.54
92.54
92.54
92.54
92.54
92.54
92.54
92.54
92.54
92.54
92.54
92.54
92.54
92.54
92.54
92.54
92.54
92.54
92.53
93.56
93.8
93.86
93.9
93.73
93.75
93.5
93.56
93.62
93.26
94.63
94.63
94.63
94.63
94.63
94.63
94.63
94.63
94.63
94.63
94.63
94.63
94.63
94.63
94.63
94.63
94.63
94.63
94.63
94.63
94.63
94.63
94.63
94.63
94.63
94.63
94.63
94.63
94.63
94.63
94.63
94.63
94.63
94.63
94.63
94.63
94.63
94.64
94.5
94.39
95.13
95.2
94.68
94.69
93.63
93.36
92.98
93.02
91.9
91.9
91.9
91.9
91.9
91.9
91.9
91.9
91.9
91.9
91.9
91.9
91.9
91.9
91.9
91.9
91.9
91.9
91.9
91.9
91.9
91.9
91.9
91.9
91.9
91.9
91.9
91.9
91.9
91.9
91.9
91.9
91.9
91.9
91.9
91.9
91.9
91.96
91.93
91.97
92.65
92.58
91.75
91.7
91.55
91.91
91.76
91.94
91.91
91.91
91.91
91.91
91.91
91.91
91.91
91.91
91.91
91.91
91.91
91.91
91.91
91.91
91.91
91.91
91.91
91.91
91.91
91.91
91.91
91.91
91.91
91.91
91.91
91.91
91.91
91.91
91.91
91.91
91.91
91.91
91.91
91.91
91.91
91.91
91.91
91.9
92.41
92.46
92.61
92.55
93.21
93.13
93.7
93.85
93.23
92.98
94.32
94.32
94.32
94.32
94.32
94.32
94.32
94.32
94.32
94.32
94.32
94.32
94.32
94.32
94.32
94.32
94.32
94.32
94.32
94.32
94.32
94.32
94.32
94.32
94.32
94.32
94.32
94.32
94.32
94.32
94.32
94.32
94.32
94.32
94.32
94.32
94.32
94.14
93.91
93.89
94.62
95.07
95.17
95.13
93.99
94.02
93.72
93.84
95.03
95.03
95.03
95.03
95.03
95.03
95.03
95.03
95.03
95.03
95.03
95.03
95.03
95.03
95.03
95.03
95.03
95.03
95.03
95.03
95.03
95.03
95.03
95.03
95.03
95.03
95.03
95.03
95.03
95.03
95.03
95.03
95.03
95.03
95.03
95.03
95.03
95.06
94.72
94.47
94.76
94.84
94.58
94.48
93.51
93.61
92.57
92.4
91.62
91.62
91.62
91.62
91.62
91.62
91.62
91.62
91.62
91.62
91.62
91.62
91.62
91.62
91.62
91.62
91.62
91.62
91.62
91.62
91.62
91.62
91.62
91.62
91.62
91.62
91.62
91.62
91.62
91.62
91.62
91.62
91.62
91.62
91.62
91.62
91.62
91.68
92.31
92.06
91.84
91.88
92.06
92.08
92.21
92.21
93.27
93.42
93.32
93.32
93.32
93.32
93.32
93.32
93.32
93.32
93.32
93.32
93.32
93.32
93.32
93.32
93.32
93.32
93.32
93.32
93.32
93.32
93.32
93.32
93.32
93.32
93.32
93.32
93.32
93.32
93.32
93.32
93.32
93.32
93.32
93.32
93.32
93.32
93.32
93.32
93.65
93.78
93.81
93.92
93.4
93.31
92.73
92.64
92.24
92.3
92.8
92.8
92.8
92.8
92.8
92.8
92.8
92.8
92.8
92.8
92.8
92.8
92.8
92.8
92.8
92.8
92.8
92.8
92.8
92.8
92.8
92.8
92.8
92.8
92.8
92.8
92.8
92.8
92.8
92.8
92.8
92.8
92.8
92.8
92.8
92.8
92.8
92.87
93.56
93.6
92.95
93.08
92.6
92.48
91.43
91.72
93.5
93.55
93.56
93.56
93.56
93.56
93.56
93.56
93.56
93.56
93.56
93.56
93.56
93.56
93.56
93.56
93.56
93.56
93.56
93.56
93.56
93.56
93.56
93.56
93.56
93.56
93.56
93.56
93.56
93.56
93.56
93.56
93.56
93.56
93.56
93.56
93.56
93.56
93.56
93.58
93.75
93.51
92.84
92.83
93.0
92.94
92.16
92.02
92.92
92.71
92.54
92.54
92.54
92.54
92.54
92.54
92.54
92.54
92.54
92.54
92.54
92.54
92.54
92.54
92.54
92.54
92.54
92.54
92.54
92.54
92.54
92.54
92.54
92.54
92.54
92.54
92.54
92.54
92.54
92.54
92.54
92.54
92.54
92.54
92.54
92.54
92.54
92.67
92.73
92.86
93.31
93.35
92.86
92.87
91.69
91.65
91.37
91.24
91.49
91.49
91.49
91.49
91.49
91.49
91.49
91.49
91.49
91.49
91.49
91.49
91.49
91.49
91.49
91.49
91.49
91.49
91.49
91.49
91.49
91.49
91.49
91.49
91.49
91.49
91.49
91.49
91.49
91.49
91.49
91.49
91.49
91.49
91.49
91.49
91.49
91.57
92.53
92.72
92.78
92.72
92.6
92.68
92.75
92.63
92.84
92.61
91.82
91.82
91.82
91.82
91.82
91.82
91.82
91.82
91.82
91.82
91.82
91.82
91.82
91.82
91.82
91.82
91.82
91.82
91.82
91.82
91.82
91.82
91.82
91.82
91.82
91.82
91.82
91.82
91.82
91.82
91.82
91.82
91.82
91.82
91.82
91.82
91.82
91.96
92.2
92.16
92.51
92.42
92.82
92.82
92.18
92.28
92.32
92.29
92.48
92.48
92.48
92.48
92.48
92.48
92.48
92.48
92.48
92.48
92.48
92.48
92.48
92.48
92.48
92.48
92.48
92.48
92.48
92.48
92.48
92.48
92.48
92.48
92.48
92.48
92.48
92.48
92.48
92.48
92.48
92.48
92.48
92.48
92.48
92.48
92.48
92.57
92.88
92.72
92.88
92.96
92.9
92.72
92.48
92.4
92.66
92.6
93.25
93.25
93.25
93.25
93.25
93.25
93.25
93.25
93.25
93.25
93.25
93.25
93.25
93.25
93.25
93.25
93.25
93.25
93.25
93.25
93.25
93.25
93.25
93.25
93.25
93.25
93.25
93.25
93.25
93.25
93.25
93.25
93.25
93.25
93.25
93.25
93.25
93.26
93.25
93.24
93.63
93.48
93.25
93.21
93.01
93.14
93.02
93.07
92.45
92.45
92.45
92.45
92.45
92.45
92.45
92.45
92.45
92.45
92.45
92.45
92.45
92.45
92.45
92.45
92.45
92.45
92.45
92.45
92.45
92.45
92.45
92.45
92.45
92.45
92.45
92.45
92.45
92.45
92.45
92.45
92.45
92.45
92.45
92.45
92.45
92.47
92.93
92.84
93.42
93.39
92.54
92.41
91.68
91.66
91.94
91.92
92.57
92.57
92.57
92.57
92.57
92.57
92.57
92.57
92.57
92.57
92.57
92.57
92.57
92.57
92.57
92.57
92.57
92.57
92.57
92.57
92.57
92.57
92.57
92.57
92.57
92.57
92.57
92.57
92.57
92.57
92.57
92.57
92.57
92.57
92.57
92.57
92.57
92.58
92.78
92.82
93.21
93.45
93.36
93.38
93.75
93.76
93.15
93.09
92.38
92.38
92.38
92.38
92.38
92.38
92.38
92.38
92.38
92.38
92.38
92.38
92.38
92.38
92.38
92.38
92.38
92.38
92.38
92.38
92.38
92.38
92.38
92.38
92.38
92.38
92.38
92.38
92.38
92.38
92.38
92.38
92.38
92.38
92.38
92.38
92.38
92.34
92.81
93.0
92.63
92.59
92.81
92.69
91.56
91.6
92.22
91.98
92.33
92.33
92.33
92.33
92.33
92.33
92.33
92.33
92.33
92.33
92.33
92.33
92.33
92.33
92.33
92.33
92.33
92.33
92.33
92.33
92.33
92.33
92.33
92.33
92.33
92.33
92.33
92.33
92.33
92.33
92.33
92.33
92.33
92.33
92.33
92.33
92.33
92.38
92.34
92.5
92.86
92.98
92.29
92.34
91.99
91.85
91.48
91.35
92.86
92.86
92.86
92.86
92.86
92.86
92.86
92.86
92.86
92.86
92.86
92.86
92.86
92.86
92.86
92.86
92.86
92.86
92.86
92.86
92.86
92.86
92.86
92.86
92.86
92.86
92.86
92.86
92.86
92.86
92.86
92.86
92.86
92.86
92.86
92.86
92.86
92.8
93.06
92.95
92.12
91.89
91.7
91.63
91.23
90.9
89.94
89.81
90.31
90.31
90.31
90.31
90.31
90.31
90.31
90.31
90.31
90.31
90.31
90.31
90.31
90.31
90.31
90.31
90.31
90.31
90.31
90.31
90.31
90.31
90.31
90.31
90.31
90.31
90.31
90.31
90.31
90.31
90.31
90.31
90.31
90.31
90.31
90.31
90.31
90.23
90.92
90.91
92.71
92.76
93.34
93.22
92.57
92.8
93.08
93.2
92.01
92.01
92.01
92.01
92.01
92.01
92.01
92.01
92.01
92.01
92.01
92.01
92.01
92.01
92.01
92.01
92.01
92.01
92.01
92.01
92.01
92.01
92.01
92.01
92.01
92.01
92.01
92.01
92.01
92.01
92.01
92.01
92.01
92.01
92.01
92.01
92.01
92.01
92.39
92.65
92.27
92.41
92.54
92.53
92.36
92.68
92.31
92.61
93.41
93.41
93.41
93.41
93.41
93.41
93.41
93.41
93.41
93.41
93.41
93.41
93.41
93.41
93.41
93.41
93.41
93.41
93.41
93.41
93.41
93.41
93.41
93.41
93.41
93.41
93.41
93.41
93.41
93.41
93.41
93.41
93.41
93.41
93.41
93.41
93.41
93.46
92.97
93.0
93.34
93.04
92.88
92.82
91.89
91.94
92.41
92.32
92.53
92.53
92.53
92.53
92.53
92.53
92.53
92.53
92.53
92.53
92.53
92.53
92.53
92.53
92.53
92.53
92.53
92.53
92.53
92.53
92.53
92.53
92.53
92.53
92.53
92.53
92.53
92.53
92.53
92.53
92.53
92.53
92.53
92.53
92.53
92.53
92.53
92.6
92.23
92.36
92.15
92.35
92.28
91.99
91.41
91.24
91.36
91.4
91.24
91.24
91.24
91.24
91.24
91.24
91.24
91.24
91.24
91.24
91.24
91.24
91.24
91.24
91.24
91.24
91.24
91.24
91.24
91.24
91.24
91.24
91.24
91.24
91.24
91.24
91.24
91.24
91.24
91.24
91.24
91.24
91.24
91.24
91.24
91.24
91.24
91.32
91.88
91.86
91.87
91.79
93.08
93.03
92.13
92.22
92.03
91.94
92.15
92.15
92.15
92.15
92.15
92.15
92.15
92.15
92.15
92.15
92.15
92.15
92.15
92.15
92.15
92.15
92.15
92.15
92.15
92.15
92.15
92.15
92.15
92.15
92.15
92.15
92.15
92.15
92.15
92.15
92.15
92.15
92.15
92.15
92.15
92.15
92.15
92.23
92.68
92.95
94.15
93.94
93.69
93.73
93.04
92.9
92.71
92.74
93.33
93.33
93.33
93.33
93.33
93.33
93.33
93.33
93.33
93.33
93.33
93.33
93.33
93.33
93.33
93.33
93.33
93.33
93.33
93.33
93.33
93.33
93.33
93.33
93.33
93.33
93.33
93.33
93.33
93.33
93.33
93.33
93.33
93.33
93.33
93.33
93.33
93.22
93.64
93.69
95.06
94.99
94.27
94.25
93.8
93.58
93.62
93.46
92.58
92.58
92.58
92.58
92.58
92.58
92.58
92.58
92.58
92.58
92.58
92.58
92.58
92.58
92.58
92.58
92.58
92.58
92.58
92.58
92.58
92.58
92.58
92.58
92.58
92.58
92.58
92.58
92.58
92.58
92.58
92.58
92.58
92.58
92.58
92.58
92.58
92.59
92.17
92.22
92.43
92.62
92.5
92.45
91.78
91.53
92.68
92.66
93.37
93.37
93.37
93.37
93.37
93.37
93.37
93.37
93.37
93.37
93.37
93.37
93.37
93.37
93.37
93.37
93.37
93.37
93.37
93.37
93.37
93.37
93.37
93.37
93.37
93.37
93.37
93.37
93.37
93.37
93.37
93.37
93.37
93.37
93.37
93.37
93.37
93.49
93.03
93.08
93.77
94.12
92.93
92.89
92.99
92.83
92.78
92.87
92.79
92.79
92.79
92.79
92.79
92.79
92.79
92.79
92.79
92.79
92.79
92.79
92.79
92.79
92.79
92.79
92.79
92.79
92.79
92.79
92.79
92.79
92.79
92.79
92.79
92.79
92.79
92.79
92.79
92.79
92.79
92.79
92.79
92.79
92.79
92.79
92.79
92.73
93.26
93.4
93.86
93.94
93.59
93.47
92.91
92.76
91.82
91.6
91.27
91.27
91.27
91.27
91.27
91.27
91.27
91.27
91.27
91.27
91.27
91.27
91.27
91.27
91.27
91.27
91.27
91.27
91.27
91.27
91.27
91.27
91.27
91.27
91.27
91.27
91.27
91.27
91.27
91.27
91.27
91.27
91.27
91.27
91.27
91.27
91.27
91.14
91.43
91.57
92.26
92.27
92.01
92.1
92.3
92.27
92.51
92.31
92.54
92.54
92.54
92.54
92.54
92.54
92.54
92.54
92.54
92.54
92.54
92.54
92.54
92.54
92.54
92.54
92.54
92.54
92.54
92.54
92.54
92.54
92.54
92.54
92.54
92.54
92.54
92.54
92.54
92.54
92.54
92.54
92.54
92.54
92.54
92.54
92.54
92.45
92.29
92.34
92.0
91.79
92.77
92.97
93.04
93.08
93.58
93.67
93.56
93.56
93.56
93.56
93.56
93.56
93.56
93.56
93.56
93.56
93.56
93.56
93.56
93.56
93.56
93.56
93.56
93.56
93.56
93.56
93.56
93.56
93.56
93.56
93.56
93.56
93.56
93.56
93.56
93.56
93.56
93.56
93.56
93.56
93.56
93.56
93.56
93.59
93.48
93.42
93.77
93.79
93.16
93.19
92.67
92.75
92.62
92.43
92.5
92.5
92.5
92.5
92.5
92.5
92.5
92.5
92.5
92.5
92.5
92.5
92.5
92.5
92.5
92.5
92.5
92.5
92.5
92.5
92.5
92.5
92.5
92.5
92.5
92.5
92.5
92.5
92.5
92.5
92.5
92.5
92.5
92.5
92.5
92.5
92.5
92.45
91.84
91.78
92.09
92.09
92.07
91.88
90.86
90.54
91.07
91.25
91.45
91.45
91.45
91.45
91.45
91.45
91.45
91.45
91.45
91.45
91.45
91.45
91.45
91.45
91.45
91.45
91.45
91.45
91.45
91.45
91.45
91.45
91.45
91.45
91.45
91.45
91.45
91.45
91.45
91.45
91.45
91.45
91.45
91.45
91.45
91.45
91.45
91.39
91.46
91.5
92.12
91.87
91.41
91.46
90.7
90.7
91.81
91.48
92.64
92.64
92.64
92.64
92.64
92.64
92.64
92.64
92.64
92.64
92.64
92.64
92.64
92.64
92.64
92.64
92.64
92.64
92.64
92.64
92.64
92.64
92.64
92.64
92.64
92.64
92.64
92.64
92.64
92.64
92.64
92.64
92.64
92.64
92.64
92.64
92.64
92.5
91.98
92.02
93.13
93.31
92.99
93.01
92.85
92.82
93.26
93.32
93.32
93.32
93.32
93.32
93.32
93.32
93.32
93.32
93.32
93.32
93.32
93.32
93.32
93.32
93.32
93.32
93.32
93.32
93.32
93.32
93.32
93.32
93.32
93.32
93.32
93.32
93.32
93.32
93.32
93.32
93.32
93.32
93.32
93.32
93.32
93.32
93.32
93.43
93.45
93.54
93.07
92.92
93.29
93.27
93.61
93.72
93.77
93.62
93.18
93.18
93.18
93.18
93.18
93.18
93.18
93.18
93.18
93.18
93.18
93.18
93.18
93.18
93.18
93.18
93.18
93.18
93.18
93.18
93.18
93.18
93.18
93.18
93.18
93.18
93.18
93.18
93.18
93.18
93.18
93.18
93.18
93.18
93.18
93.18
93.18
93.28
93.05
93.17
94.32
94.48
94.08
93.98
92.6
92.42
92.45
92.28
92.48
92.48
92.48
92.48
92.48
92.48
92.48
92.48
92.48
92.48
92.48
92.48
92.48
92.48
92.48
92.48
92.48
92.48
92.48
92.48
92.48
92.48
92.48
92.48
92.48
92.48
92.48
92.48
92.48
92.48
92.48
92.48
92.48
92.48
92.48
92.48
92.48
92.42
92.2
92.46
93.19
93.15
93.99
93.96
93.0
92.93
93.39
93.41
93.41
93.41
93.41
93.41
93.41
93.41
93.41
93.41
93.41
93.41
93.41
93.41
93.41
93.41
93.41
93.41
93.41
93.41
93.41
93.41
93.41
93.41
93.41
93.41
93.41
93.41
93.41
93.41
93.41
93.41
93.41
93.41
93.41
93.41
93.41
93.41
93.41
93.36
93.94
93.97
94.52
94.68
95.12
95.17
94.06
94.18
93.16
93.02
92.32
92.32
92.32
92.32
92.32
92.32
92.32
92.32
92.32
92.32
92.32
92.32
92.32
92.32
92.32
92.32
92.32
92.32
92.32
92.32
92.32
92.32
92.32
92.32
92.32
92.32
92.32
92.32
92.32
92.32
92.32
92.32
92.32
92.32
92.32
92.32
92.32
92.37
92.55
92.72
93.56
93.7
93.2
93.31
92.59
92.58
91.99
91.95
92.76
92.76
92.76
92.76
92.76
92.76
92.76
92.76
92.76
92.76
92.76
92.76
92.76
92.76
92.76
92.76
92.76
92.76
92.76
92.76
92.76
92.76
92.76
92.76
92.76
92.76
92.76
92.76
92.76
92.76
92.76
92.76
92.76
92.76
92.76
92.76
92.76
92.72
92.95
92.91
93.36
93.49
92.93
92.85
92.19
92.2
92.22
92.43
91.57
91.57
91.57
91.57
91.57
91.57
91.57
91.57
91.57
91.57
91.57
91.57
91.57
91.57
91.57
91.57
91.57
91.57
91.57
91.57
91.57
91.57
91.57
91.57
91.57
91.57
91.57
91.57
91.57
91.57
91.57
91.57
91.57
91.57
91.57
91.57
91.57
91.65
92.3
92.24
92.38
92.0
92.46
92.46
91.78
91.91
93.74
93.59
93.91
93.91
93.91
93.91
93.91
93.91
93.91
93.91
93.91
93.91
93.91
93.91
93.91
93.91
93.91
93.91
93.91
93.91
93.91
93.91
93.91
93.91
93.91
93.91
93.91
93.91
93.91
93.91
93.91
93.91
93.91
93.91
93.91
93.91
93.91
93.91
93.91
93.99
93.77
93.57
93.1
92.99
92.79
92.72
92.68
92.54
91.68
91.62
92.15
92.15
92.15
92.15
92.15
92.15
92.15
92.15
92.15
92.15
92.15
92.15
92.15
92.15
92.15
92.15
92.15
92.15
92.15
92.15
92.15
92.15
92.15
92.15
92.15
92.15
92.15
92.15
92.15
92.15
92.15
92.15
92.15
92.15
92.15
92.15
92.15
92.27
92.36
92.65
93.52
93.36
93.33
93.29
92.58
92.84
92.46
92.3
91.8
91.8
91.8
91.8
91.8
91.8
91.8
91.8
91.8
91.8
91.8
91.8
91.8
91.8
91.8
91.8
91.8
91.8
91.8
91.8
91.8
91.8
91.8
91.8
91.8
91.8
91.8
91.8
91.8
91.8
91.8
91.8
91.8
91.8
91.8
91.8
91.8
91.84
91.65
91.87
92.22
92.08
92.08
91.97
91.3
91.08
91.41
91.98
92.76
92.76
92.76
92.76
92.76
92.76
92.76
92.76
92.76
92.76
92.76
92.76
92.76
92.76
92.76
92.76
92.76
92.76
92.76
92.76
92.76
92.76
92.76
92.76
92.76
92.76
92.76
92.76
92.76
92.76
92.76
92.76
92.76
92.76
92.76
92.76
92.76
92.91
93.24
93.06
94.1
94.14
93.57
93.5
93.51
93.5
93.13
93.07
92.62
92.62
92.62
92.62
92.62
92.62
92.62
92.62
92.62
92.62
92.62
92.62
92.62
92.62
92.62
92.62
92.62
92.62
92.62
92.62
92.62
92.62
92.62
92.62
92.62
92.62
92.62
92.62
92.62
92.62
92.62
92.62
92.62
92.62
92.62
92.62
92.62
92.6
92.18
92.4
92.17
92.69
93.12
93.26
93.14
93.1
92.14
92.16
91.47
91.47
91.47
91.47
91.47
91.47
91.47
91.47
91.47
91.47
91.47
91.47
91.47
91.47
91.47
91.47
91.47
91.47
91.47
91.47
91.47
91.47
91.47
91.47
91.47
91.47
91.47
91.47
91.47
91.47
91.47
91.47
91.47
91.47
91.47
91.47
91.47
91.47
91.69
91.68
91.83
91.99
91.39
91.31
91.31
91.16
91.81
91.95
92.37
92.37
92.37
92.37
92.37
92.37
92.37
92.37
92.37
92.37
92.37
92.37
92.37
92.37
92.37
92.37
92.37
92.37
92.37
92.37
92.37
92.37
92.37
92.37
92.37
92.37
92.37
92.37
92.37
92.37
92.37
92.37
92.37
92.37
92.37
92.37
92.37
92.51
92.86
92.33
91.91
91.53
91.87
91.79
92.3
92.45
93.2
93.17
94.38
94.38
94.38
94.38
94.38
94.38
94.38
94.38
94.38
94.38
94.38
94.38
94.38
94.38
94.38
94.38
94.38
94.38
94.38
94.38
94.38
94.38
94.38
94.38
94.38
94.38
94.38
94.38
94.38
94.38
94.38
94.38
94.38
94.38
94.38
94.38
94.38
94.33
95.14
95.39
95.61
95.36
95.0
94.92
94.29
94.36
93.82
93.75
93.59
93.59
93.59
93.59
93.59
93.59
93.59
93.59
93.59
93.59
93.59
93.59
93.59
93.59
93.59
93.59
93.59
93.59
93.59
93.59
93.59
93.59
93.59
93.59
93.59
93.59
93.59
93.59
93.59
93.59
93.59
93.59
93.59
93.59
93.59
93.59
93.59
93.53
93.81
93.94
93.96
93.7
93.78
93.61
93.33
93.3
92.64
92.62
92.94
92.94
92.94
92.94
92.94
92.94
92.94
92.94
92.94
92.94
92.94
92.94
92.94
92.94
92.94
92.94
92.94
92.94
92.94
92.94
92.94
92.94
92.94
92.94
92.94
92.94
92.94
92.94
92.94
92.94
92.94
92.94
92.94
92.94
92.94
92.94
92.94
93.12
93.86
94.01
93.79
94.01
93.58
93.6
93.02
92.63
92.58
92.62
93.16
93.16
93.16
93.16
93.16
93.16
93.16
93.16
93.16
93.16
93.16
93.16
93.16
93.16
93.16
93.16
93.16
93.16
93.16
93.16
93.16
93.16
93.16
93.16
93.16
93.16
93.16
93.16
93.16
93.16
93.16
93.16
93.16
93.16
93.16
93.16
93.16
93.36
93.64
93.5
93.24
93.13
92.97
92.85
92.81
92.93
92.66
92.81
92.89
92.89
92.89
92.89
92.89
92.89
92.89
92.89
92.89
92.89
92.89
92.89
92.89
92.89
92.89
92.89
92.89
92.89
92.89
92.89
92.89
92.89
92.89
92.89
92.89
92.89
92.89
92.89
92.89
92.89
92.89
92.89
92.89
92.89
92.89
92.89
92.89
92.88
92.95
92.9
92.89
93.04
92.83
92.71
91.47
91.37
91.84
91.68
91.19
91.19
91.19
91.19
91.19
91.19
91.19
91.19
91.19
91.19
91.19
91.19
91.19
91.19
91.19
91.19
91.19
91.19
91.19
91.19
91.19
91.19
91.19
91.19
91.19
91.19
91.19
91.19
91.19
91.19
91.19
91.19
91.19
91.19
91.19
91.19
91.19
91.37
92.06
91.96
92.94
92.98
92.79
92.58
91.78
91.62
91.89
91.76
91.72
91.72
91.72
91.72
91.72
91.72
91.72
91.72
91.72
91.72
91.72
91.72
91.72
91.72
91.72
91.72
91.72
91.72
91.72
91.72
91.72
91.72
91.72
91.72
91.72
91.72
91.72
91.72
91.72
91.72
91.72
91.72
91.72
91.72
91.72
91.72
91.72
91.65
91.94
92.0
92.32
92.36
92.52
92.26
92.04
92.32
92.41
92.75
93.65
93.65
93.65
93.65
93.65
93.65
93.65
93.65
93.65
93.65
93.65
93.65
93.65
93.65
93.65
93.65
93.65
93.65
93.65
93.65
93.65
93.65
93.65
93.65
93.65
93.65
93.65
93.65
93.65
93.65
93.65
93.65
93.65
93.65
93.65
93.65
93.65
93.63
93.78
93.92
94.05
93.95
92.8
92.6
92.07
91.97
92.28
92.24
93.31
93.31
93.31
93.31
93.31
93.31
93.31
93.31
93.31
93.31
93.31
93.31
93.31
93.31
93.31
93.31
93.31
93.31
93.31
93.31
93.31
93.31
93.31
93.31
93.31
93.31
93.31
93.31
93.31
93.31
93.31
93.31
93.31
93.31
93.31
93.31
93.31
93.38
94.45
94.35
93.58
93.56
93.14
93.15
93.27
93.29
94.11
94.24
93.69
93.69
93.69
93.69
93.69
93.69
93.69
93.69
93.69
93.69
93.69
93.69
93.69
93.69
93.69
93.69
93.69
93.69
93.69
93.69
93.69
93.69
93.69
93.69
93.69
93.69
93.69
93.69
93.69
93.69
93.69
93.69
93.69
93.69
93.69
93.69
93.69
93.74
93.99
94.06
94.41
94.24
94.17
94.11
92.97
93.08
93.44
93.57
93.31
93.31
93.31
93.31
93.31
93.31
93.31
93.31
93.31
93.31
93.31
93.31
93.31
93.31
93.31
93.31
93.31
93.31
93.31
93.31
93.31
93.31
93.31
93.31
93.31
93.31
93.31
93.31
93.31
93.31
93.31
93.31
93.31
93.31
93.31
93.31
93.31
93.24
93.38
93.23
92.83
92.94
92.94
92.92
92.51
92.58
92.52
92.51
92.54
92.54
92.54
92.54
92.54
92.54
92.54
92.54
92.54
92.54
92.54
92.54
92.54
92.54
92.54
92.54
92.54
92.54
92.54
92.54
92.54
92.54
92.54
92.54
92.54
92.54
92.54
92.54
92.54
92.54
92.54
92.54
92.54
92.54
92.54
92.54
92.54
92.69
93.49
93.31
93.17
92.98
92.21
92.28
91.63
91.57
91.54
91.62
91.89
91.89
91.89
91.89
91.89
91.89
91.89
91.89
91.89
91.89
91.89
91.89
91.89
91.89
91.89
91.89
91.89
91.89
91.89
91.89
91.89
91.89
91.89
91.89
91.89
91.89
91.89
91.89
91.89
91.89
91.89
91.89
91.89
91.89
91.89
91.89
91.89
91.82
92.79
92.82
92.97
92.73
93.09
92.92
92.58
92.68
93.44
93.51
93.95
93.95
93.95
93.95
93.95
93.95
93.95
93.95
93.95
93.95
93.95
93.95
93.95
93.95
93.95
93.95
93.95
93.95
93.95
93.95
93.95
93.95
93.95
93.95
93.95
93.95
93.95
93.95
93.95
93.95
93.95
93.95
93.95
93.95
93.95
93.95
93.95
94.0
94.17
94.27
94.67
94.63
94.01
93.91
93.92
93.91
93.98
93.95
93.72
93.72
93.72
93.72
93.72
93.72
93.72
93.72
93.72
93.72
93.72
93.72
93.72
93.72
93.72
93.72
93.72
93.72
93.72
93.72
93.72
93.72
93.72
93.72
93.72
93.72
93.72
93.72
93.72
93.72
93.72
93.72
93.72
93.72
93.72
93.72
93.72
93.61
93.85
93.99
94.21
94.14
93.29
93.18
92.91
93.09
92.4
92.44
93.42
93.42
93.42
93.42
93.42
93.42
93.42
93.42
93.42
93.42
93.42
93.42
93.42
93.42
93.42
93.42
93.42
93.42
93.42
93.42
93.42
93.42
93.42
93.42
93.42
93.42
93.42
93.42
93.42
93.42
93.42
93.42
93.42
93.42
93.42
93.42
93.42
93.46
93.33
93.37
93.6
93.69
93.45
93.49
93.02
92.94
93.8
93.41
93.08
93.08
93.08
93.08
93.08
93.08
93.08
93.08
93.08
93.08
93.08
93.08
93.08
93.08
93.08
93.08
93.08
93.08
93.08
93.08
93.08
93.08
93.08
93.08
93.08
93.08
93.08
93.08
93.08
93.08
93.08
93.08
93.08
93.08
93.08
93.08
93.08
93.15
93.62
93.39
92.86
92.86
94.19
93.95
93.03
93.25
92.9
92.95
93.51
93.51
93.51
93.51
93.51
93.51
93.51
93.51
93.51
93.51
93.51
93.51
93.51
93.51
93.51
93.51
93.51
93.51
93.51
93.51
93.51
93.51
93.51
93.51
93.51
93.51
93.51
93.51
93.51
93.51
93.51
93.51
93.51
93.51
93.51
93.51
93.51
93.49
93.79
94.0
93.87
93.83
92.78
92.81
92.29
92.26
91.7
91.38
91.87
91.87
91.87
91.87
91.87
91.87
91.87
91.87
91.87
91.87
91.87
91.87
91.87
91.87
91.87
91.87
91.87
91.87
91.87
91.87
91.87
91.87
91.87
91.87
91.87
91.87
91.87
91.87
91.87
91.87
91.87
91.87
91.87
91.87
91.87
91.87
91.87
91.81
92.79
92.65
92.99
92.8
93.16
92.99
91.83
91.79
92.11
92.32
93.36
93.36
93.36
93.36
93.36
93.36
93.36
93.36
93.36
93.36
93.36
93.36
93.36
93.36
93.36
93.36
93.36
93.36
93.36
93.36
93.36
93.36
93.36
93.36
93.36
93.36
93.36
93.36
93.36
93.36
93.36
93.36
93.36
93.36
93.36
93.36
93.36
93.45
93.73
93.59
93.47
93.49
94.02
93.9
92.67
92.76
92.91
92.77
91.83
91.83
91.83
91.83
91.83
91.83
91.83
91.83
91.83
91.83
91.83
91.83
91.83
91.83
91.83
91.83
91.83
91.83
91.83
91.83
91.83
91.83
91.83
91.83
91.83
91.83
91.83
91.83
91.83
91.83
91.83
91.83
91.83
91.83
91.83
91.83
91.83
91.81
92.75
92.68
92.5
92.41
91.98
91.94
91.95
92.12
91.98
92.3
92.62
92.62
92.62
92.62
92.62
92.62
92.62
92.62
92.62
92.62
92.62
92.62
92.62
92.62
92.62
92.62
92.62
92.62
92.62
92.62
92.62
92.62
92.62
92.62
92.62
92.62
92.62
92.62
92.62
92.62
92.62
92.62
92.62
92.62
92.62
92.62
92.62
92.57
93.27
93.18
92.66
92.48
92.76
92.4
92.25
92.03
93.85
93.97
93.86
93.86
93.86
93.86
93.86
93.86
93.86
93.86
93.86
93.86
93.86
93.86
93.86
93.86
93.86
93.86
93.86
93.86
93.86
93.86
93.86
93.86
93.86
93.86
93.86
93.86
93.86
93.86
93.86
93.86
93.86
93.86
93.86
93.86
93.86
93.86
93.86
94.06
94.1
94.08
94.12
94.04
93.55
93.59
93.52
93.68
94.36
94.6
93.78
93.78
93.78
93.78
93.78
93.78
93.78
93.78
93.78
93.78
93.78
93.78
93.78
93.78
93.78
93.78
93.78
93.78
93.78
93.78
93.78
93.78
93.78
93.78
93.78
93.78
93.78
93.78
93.78
93.78
93.78
93.78
93.78
93.78
93.78
93.78
93.78
93.73
93.45
93.67
93.5
93.84
93.19
93.23
92.43
92.42
92.03
92.16
91.64
91.64
91.64
91.64
91.64
91.64
91.64
91.64
91.64
91.64
91.64
91.64
91.64
91.64
91.64
91.64
91.64
91.64
91.64
91.64
91.64
91.64
91.64
91.64
91.64
91.64
91.64
91.64
91.64
91.64
91.64
91.64
91.64
91.64
91.64
91.64
91.64
