1000.0
1000.0
1000.0
1000.0
1000.0
952.3
952.3
952.3
952.3
952.3
952.3
930.05
930.05
930.05
930.05
930.05
930.05
930.05
930.05
930.05
930.05
930.05
930.05
930.05
930.05
930.05
930.05
930.05
930.05
930.05
930.05
930.05
930.05
930.05
930.05
930.05
930.05
930.05
930.05
930.05
930.05
930.05
930.05
930.05
930.05
930.05
930.05
930.05
930.05
930.05
930.05
930.05
930.05
930.05
929.9
928.8
928.8
928.76
928.76
918.49
918.49
918.49
918.49
918.49
918.49
918.49
918.49
918.49
918.49
918.49
918.49
918.49
918.49
918.49
918.49
918.49
918.49
918.49
918.49
918.49
918.49
918.49
918.49
918.49
918.49
918.49
918.49
918.49
918.49
918.49
918.49
918.49
918.49
918.49
918.49
918.49
918.49
918.49
918.34
917.4
917.4
917.4
917.4
916.57
916.42
914.53
914.52
911.2
911.2
911.2
911.2
911.2
911.2
911.2
911.2
911.2
911.2
911.2
911.2
911.2
911.2
911.2
911.2
911.2
911.2
911.2
911.2
911.2
911.2
911.2
911.2
911.2
911.2
911.2
911.2
911.2
911.2
911.2
911.2
911.2
911.2
911.2
911.2
911.2
911.2
911.2
910.98
910.23
910.05
908.15
908.15
906.98
906.97
905.5
905.37
903.07
903.07
903.07
903.07
903.07
903.07
903.07
903.07
903.07
903.07
903.07
903.07
903.07
903.07
903.07
903.07
903.07
903.07
903.07
903.07
903.07
903.07
903.07
903.07
903.07
903.07
903.07
903.07
903.07
903.07
903.07
903.07
903.07
903.07
903.07
903.07
903.07
903.07
903.07
902.74
901.69
901.4
899.99
899.75
895.45
895.42
893.1
892.99
898.24
898.24
898.24
898.24
898.24
898.24
898.24
898.24
898.24
898.24
898.24
898.24
898.24
898.24
898.24
898.24
898.24
898.24
898.24
898.24
898.24
898.24
898.24
898.24
898.24
898.24
898.24
898.24
898.24
898.24
898.24
898.24
898.24
898.24
898.24
898.24
898.24
898.24
898.24
897.85
894.0
893.68
891.4
891.02
886.99
886.71
879.23
879.2
890.05
890.05
890.05
890.05
890.05
890.05
890.05
890.05
890.05
890.05
890.05
890.05
890.05
890.05
890.05
890.05
890.05
890.05
890.05
890.05
890.05
890.05
890.05
890.05
890.05
890.05
890.05
890.05
890.05
890.05
890.05
890.05
890.05
890.05
890.05
890.05
890.05
890.05
890.05
889.54
886.05
885.49
878.45
878.08
872.23
871.7
865.09
864.73
878.59
878.59
878.59
878.59
878.59
878.59
878.59
878.59
878.59
878.59
878.59
878.59
878.59
878.59
878.59
878.59
878.59
878.59
878.59
878.59
878.59
878.59
878.59
878.59
878.59
878.59
878.59
878.59
878.59
878.59
878.59
878.59
878.59
878.59
878.59
878.59
878.59
878.59
878.59
878.28
873.0
872.24
865.21
864.64
851.48
851.12
841.31
840.59
865.07
865.07
865.07
865.07
865.07
865.07
865.07
865.07
865.07
865.07
865.07
865.07
865.07
865.07
865.07
865.07
865.07
865.07
865.07
865.07
865.07
865.07
865.07
865.07
865.07
865.07
865.07
865.07
865.07
865.07
865.07
865.07
865.07
865.07
865.07
865.07
865.07
865.07
865.07
864.49
852.18
851.41
841.47
840.61
828.81
828.07
806.97
806.33
843.94
843.94
843.94
843.94
843.94
843.94
843.94
843.94
843.94
843.94
843.94
843.94
843.94
843.94
843.94
843.94
843.94
843.94
843.94
843.94
843.94
843.94
843.94
843.94
843.94
843.94
843.94
843.94
843.94
843.94
843.94
843.94
843.94
843.94
843.94
843.94
843.94
843.94
843.92
843.19
832.43
831.61
811.56
810.85
794.39
793.25
775.51
774.72
814.22
814.22
814.22
814.22
814.22
814.22
814.22
814.22
814.22
814.22
814.22
814.22
814.22
814.22
814.22
814.22
814.22
814.22
814.22
814.22
814.22
814.22
814.22
814.22
814.22
814.22
814.22
814.22
814.22
814.22
814.22
814.22
814.22
814.22
814.22
814.22
814.22
814.22
814.21
813.42
798.6
797.36
778.78
777.72
747.54
746.67
723.32
721.96
778.83
778.83
778.83
778.83
778.83
778.83
778.83
778.83
778.83
778.83
778.83
778.83
778.83
778.83
778.83
778.83
778.83
778.83
778.83
778.83
778.83
778.83
778.83
778.83
778.83
778.83
778.83
778.83
778.83
778.83
778.83
778.83
778.83
778.83
778.83
778.83
778.83
778.83
778.78
778.01
748.81
747.84
723.18
721.97
696.71
695.56
654.65
653.83
725.32
725.32
725.32
725.32
725.32
725.32
725.32
725.32
725.32
725.32
725.32
725.32
725.32
725.32
725.32
725.32
725.32
725.32
725.32
725.32
725.32
725.32
725.32
725.32
725.32
725.32
725.32
725.32
725.32
725.32
725.32
725.32
725.32
725.32
725.32
725.32
725.32
725.32
725.24
724.21
700.3
698.97
657.27
656.32
626.27
624.89
595.39
594.13
661.9
661.9
661.9
661.9
661.9
661.9
661.9
661.9
661.9
661.9
661.9
661.9
661.9
661.9
661.9
661.9
661.9
661.9
661.9
661.9
661.9
661.9
661.9
661.9
661.9
661.9
661.9
661.9
661.9
661.9
661.9
661.9
661.9
661.9
661.9
661.9
661.9
661.9
661.72
661.06
631.84
630.13
596.36
595.15
548.5
547.57
514.5
512.93
602.42
602.42
602.42
602.42
602.42
602.42
602.42
602.42
602.42
602.42
602.42
602.42
602.42
602.42
602.42
602.42
602.42
602.42
602.42
602.42
602.42
602.42
602.42
602.42
602.42
602.42
602.42
602.42
602.42
602.42
602.42
602.42
602.42
602.42
602.42
602.42
602.42
602.41
602.13
600.85
553.95
552.87
516.73
515.07
482.08
480.84
435.13
434.2
523.89
523.89
523.89
523.89
523.89
523.89
523.89
523.89
523.89
523.89
523.89
523.89
523.89
523.89
523.89
523.89
523.89
523.89
523.89
523.89
523.89
523.89
523.89
523.89
523.89
523.89
523.89
523.89
523.89
523.89
523.89
523.89
523.89
523.89
523.89
523.89
523.89
523.89
523.49
522.09
488.57
486.85
436.06
435.34
402.45
400.97
373.39
371.88
445.52
445.52
445.52
445.52
445.52
445.52
445.52
445.52
445.52
445.52
445.52
445.52
445.52
445.52
445.52
445.52
445.52
445.52
445.52
445.52
445.52
445.52
445.52
445.52
445.52
445.52
445.52
445.52
445.52
445.52
445.52
445.52
445.52
445.52
445.52
445.52
445.52
445.51
444.75
444.1
409.32
407.83
371.93
370.34
328.28
327.7
303.84
302.79
383.08
383.08
383.08
383.08
383.08
383.08
383.08
383.08
383.08
383.08
383.08
383.08
383.08
383.08
383.08
383.08
383.08
383.08
383.08
383.08
383.08
383.08
383.08
383.08
383.08
383.08
383.08
383.08
383.08
383.08
383.08
383.08
383.08
383.08
383.08
383.08
383.08
383.07
382.01
380.7
336.59
335.75
301.17
299.89
274.52
273.34
246.46
246.0
312.85
312.85
312.85
312.85
312.85
312.85
312.85
312.85
312.85
312.85
312.85
312.85
312.85
312.85
312.85
312.85
312.85
312.85
312.85
312.85
312.85
312.85
312.85
312.85
312.85
312.85
312.85
312.85
312.85
312.85
312.85
312.85
312.85
312.85
312.85
312.85
312.85
312.82
311.77
310.67
282.94
281.47
243.0
242.44
221.65
220.8
208.58
207.65
256.59
256.59
256.59
256.59
256.59
256.59
256.59
256.59
256.59
256.59
256.59
256.59
256.59
256.59
256.59
256.59
256.59
256.59
256.59
256.59
256.59
256.59
256.59
256.59
256.59
256.59
256.59
256.59
256.59
256.59
256.59
256.59
256.59
256.59
256.59
256.59
256.59
256.58
255.36
254.89
228.58
227.4
201.92
200.93
178.37
178.16
169.14
168.56
215.88
215.88
215.88
215.88
215.88
215.88
215.88
215.88
215.88
215.88
215.88
215.88
215.88
215.88
215.88
215.88
215.88
215.88
215.88
215.88
215.88
215.88
215.88
215.88
215.88
215.88
215.88
215.88
215.88
215.88
215.88
215.88
215.88
215.88
215.88
215.88
215.88
215.86
214.46
213.55
185.47
184.83
163.36
162.38
151.21
150.57
142.33
142.27
177.02
177.02
177.02
177.02
177.02
177.02
177.02
177.02
177.02
177.02
177.02
177.02
177.02
177.02
177.02
177.02
177.02
177.02
177.02
177.02
177.02
177.02
177.02
177.02
177.02
177.02
177.02
177.02
177.02
177.02
177.02
177.02
177.02
177.02
177.02
177.02
177.02
177.01
175.77
174.96
156.89
155.99
133.35
133.02
124.72
124.44
125.46
124.98
150.5
150.5
150.5
150.5
150.5
150.5
150.5
150.5
150.5
150.5
150.5
150.5
150.5
150.5
150.5
150.5
150.5
150.5
150.5
150.5
150.5
150.5
150.5
150.5
150.5
150.5
150.5
150.5
150.5
150.5
150.5
150.5
150.5
150.5
150.5
150.5
150.5
150.48
149.22
148.83
132.36
131.62
117.18
116.59
106.85
106.83
109.01
108.81
130.85
130.85
130.85
130.85
130.85
130.85
130.85
130.85
130.85
130.85
130.85
130.85
130.85
130.85
130.85
130.85
130.85
130.85
130.85
130.85
130.85
130.85
130.85
130.85
130.85
130.85
130.85
130.85
130.85
130.85
130.85
130.85
130.85
130.85
130.85
130.85
130.85
130.84
129.88
129.23
112.48
112.19
99.45
99.14
95.38
95.17
97.18
97.05
113.91
113.91
113.91
113.91
113.91
113.91
113.91
113.91
113.91
113.91
113.91
113.91
113.91
113.91
113.91
113.91
113.91
113.91
113.91
113.91
113.91
113.91
113.91
113.91
113.91
113.91
113.91
113.91
113.91
113.91
113.91
113.91
113.91
113.91
113.91
113.91
113.91
113.9
112.86
112.43
102.11
101.62
87.51
87.37
84.66
84.51
91.56
91.46
103.86
103.86
103.86
103.86
103.86
103.86
103.86
103.86
103.86
103.86
103.86
103.86
103.86
103.86
103.86
103.86
103.86
103.86
103.86
103.86
103.86
103.86
103.86
103.86
103.86
103.86
103.86
103.86
103.86
103.86
103.86
103.86
103.86
103.86
103.86
103.86
103.86
103.85
102.54
102.16
91.49
91.07
81.87
81.64
77.03
77.02
82.67
82.74
94.6
94.6
94.6
94.6
94.6
94.6
94.6
94.6
94.6
94.6
94.6
94.6
94.6
94.6
94.6
94.6
94.6
94.6
94.6
94.6
94.6
94.6
94.6
94.6
94.6
94.6
94.6
94.6
94.6
94.6
94.6
94.6
94.6
94.6
94.6
94.6
94.6
94.57
93.5
92.89
82.17
81.81
72.61
72.52
72.1
71.81
77.11
77.23
86.92
86.92
86.92
86.92
86.92
86.92
86.92
86.92
86.92
86.92
86.92
86.92
86.92
86.92
86.92
86.92
86.92
86.92
86.92
86.92
86.92
86.92
86.92
86.92
86.92
86.92
86.92
86.92
86.92
86.92
86.92
86.92
86.92
86.92
86.92
86.92
86.92
86.92
85.76
85.27
76.91
76.37
67.18
67.17
67.01
66.99
74.85
74.69
81.88
81.88
81.88
81.88
81.88
81.88
81.88
81.88
81.88
81.88
81.88
81.88
81.88
81.88
81.88
81.88
81.88
81.88
81.88
81.88
81.88
81.88
81.88
81.88
81.88
81.88
81.88
81.88
81.88
81.88
81.88
81.88
81.88
81.88
81.88
81.88
81.88
81.88
80.43
80.08
72.13
71.51
63.49
63.28
62.7
62.64
68.82
68.68
77.55
77.55
77.55
77.55
77.55
77.55
77.55
77.55
77.55
77.55
77.55
77.55
77.55
77.55
77.55
77.55
77.55
77.55
77.55
77.55
77.55
77.55
77.55
77.55
77.55
77.55
77.55
77.55
77.55
77.55
77.55
77.55
77.55
77.55
77.55
77.55
77.55
77.54
76.07
75.7
67.22
66.96
60.31
60.24
62.0
61.87
67.3
67.42
73.92
73.92
73.92
73.92
73.92
73.92
73.92
73.92
73.92
73.92
73.92
73.92
73.92
73.92
73.92
73.92
73.92
73.92
73.92
73.92
73.92
73.92
73.92
73.92
73.92
73.92
73.92
73.92
73.92
73.92
73.92
73.92
73.92
73.92
73.92
73.92
73.92
73.91
72.67
72.31
65.33
64.96
57.99
58.08
59.01
58.79
64.99
64.97
70.5
70.5
70.5
70.5
70.5
70.5
70.5
70.5
70.5
70.5
70.5
70.5
70.5
70.5
70.5
70.5
70.5
70.5
70.5
70.5
70.5
70.5
70.5
70.5
70.5
70.5
70.5
70.5
70.5
70.5
70.5
70.5
70.5
70.5
70.5
70.5
70.5
70.47
68.92
68.7
63.13
62.74
55.43
55.38
55.5
55.49
62.01
61.87
68.1
68.1
68.1
68.1
68.1
68.1
68.1
68.1
68.1
68.1
68.1
68.1
68.1
68.1
68.1
68.1
68.1
68.1
68.1
68.1
68.1
68.1
68.1
68.1
68.1
68.1
68.1
68.1
68.1
68.1
68.1
68.1
68.1
68.1
68.1
68.1
68.1
68.08
66.52
66.04
59.5
59.17
53.43
53.48
54.55
54.45
60.27
60.15
65.47
65.47
65.47
65.47
65.47
65.47
65.47
65.47
65.47
65.47
65.47
65.47
65.47
65.47
65.47
65.47
65.47
65.47
65.47
65.47
65.47
65.47
65.47
65.47
65.47
65.47
65.47
65.47
65.47
65.47
65.47
65.47
65.47
65.47
65.47
65.47
65.47
65.44
63.85
63.43
57.38
57.07
50.37
50.44
51.87
51.93
58.59
58.42
62.66
62.66
62.66
62.66
62.66
62.66
62.66
62.66
62.66
62.66
62.66
62.66
62.66
62.66
62.66
62.66
62.66
62.66
62.66
62.66
62.66
62.66
62.66
62.66
62.66
62.66
62.66
62.66
62.66
62.66
62.66
62.66
62.66
62.66
62.66
62.66
62.66
62.65
60.9
60.58
54.94
54.52
48.48
48.46
48.82
48.92
54.62
54.55
59.17
59.17
59.17
59.17
59.17
59.17
59.17
59.17
59.17
59.17
59.17
59.17
59.17
59.17
59.17
59.17
59.17
59.17
59.17
59.17
59.17
59.17
59.17
59.17
59.17
59.17
59.17
59.17
59.17
59.17
59.17
59.17
59.17
59.17
59.17
59.17
59.17
59.15
57.56
57.25
50.3
50.01
44.22
44.29
45.28
45.33
51.15
51.1
54.79
54.79
54.79
54.79
54.79
54.79
54.79
54.79
54.79
54.79
54.79
54.79
54.79
54.79
54.79
54.79
54.79
54.79
54.79
54.79
54.79
54.79
54.79
54.79
54.79
54.79
54.79
54.79
54.79
54.79
54.79
54.79
54.79
54.79
54.79
54.79
54.79
54.78
53.13
52.95
47.83
47.38
41.72
41.81
42.62
42.51
47.84
47.78
51.03
51.03
51.03
51.03
51.03
51.03
51.03
51.03
51.03
51.03
51.03
51.03
51.03
51.03
51.03
51.03
51.03
51.03
51.03
51.03
51.03
51.03
51.03
51.03
51.03
51.03
51.03
51.03
51.03
51.03
51.03
51.03
51.03
51.03
51.03
51.03
51.03
51.0
49.19
48.97
44.36
43.91
38.1
38.0
38.8
38.78
43.74
43.67
47.13
47.13
47.13
47.13
47.13
47.13
47.13
47.13
47.13
47.13
47.13
47.13
47.13
47.13
47.13
47.13
47.13
47.13
47.13
47.13
47.13
47.13
47.13
47.13
47.13
47.13
47.13
47.13
47.13
47.13
47.13
47.13
47.13
47.13
47.13
47.13
47.13
47.13
45.12
44.86
40.3
40.11
35.27
35.2
36.21
36.39
41.58
41.46
44.11
44.11
44.11
44.11
44.11
44.11
44.11
44.11
44.11
44.11
44.11
44.11
44.11
44.11
44.11
44.11
44.11
44.11
44.11
44.11
44.11
44.11
44.11
44.11
44.11
44.11
44.11
44.11
44.11
44.11
44.11
44.11
44.11
44.11
44.11
44.11
44.11
44.11
42.31
41.9
37.61
37.3
32.8
32.76
34.38
34.55
39.23
39.23
42.16
42.16
42.16
42.16
42.16
42.16
42.16
42.16
42.16
42.16
42.16
42.16
42.16
42.16
42.16
42.16
42.16
42.16
42.16
42.16
42.16
42.16
42.16
42.16
42.16
42.16
42.16
42.16
42.16
42.16
42.16
42.16
42.16
42.16
42.16
42.16
42.16
42.17
40.3
40.12
36.34
35.88
31.6
31.6
32.49
32.58
36.76
36.65
39.3
39.3
39.3
39.3
39.3
39.3
39.3
39.3
39.3
39.3
39.3
39.3
39.3
39.3
39.3
39.3
39.3
39.3
39.3
39.3
39.3
39.3
39.3
39.3
39.3
39.3
39.3
39.3
39.3
39.3
39.3
39.3
39.3
39.3
39.3
39.3
39.3
39.29
37.44
37.21
33.64
33.31
29.27
29.24
29.88
29.93
33.54
33.57
35.93
35.93
35.93
35.93
35.93
35.93
35.93
35.93
35.93
35.93
35.93
35.93
35.93
35.93
35.93
35.93
35.93
35.93
35.93
35.93
35.93
35.93
35.93
35.93
35.93
35.93
35.93
35.93
35.93
35.93
35.93
35.93
35.93
35.93
35.93
35.93
35.93
35.91
34.21
33.99
30.58
30.24
26.65
26.66
27.46
27.62
31.18
31.08
33.18
33.18
33.18
33.18
33.18
33.18
33.18
33.18
33.18
33.18
33.18
33.18
33.18
33.18
33.18
33.18
33.18
33.18
33.18
33.18
33.18
33.18
33.18
33.18
33.18
33.18
33.18
33.18
33.18
33.18
33.18
33.18
33.18
33.18
33.18
33.18
33.18
33.16
31.45
31.34
28.4
28.17
24.41
24.42
25.35
25.54
29.27
29.29
30.72
30.72
30.72
30.72
30.72
30.72
30.72
30.72
30.72
30.72
30.72
30.72
30.72
30.72
30.72
30.72
30.72
30.72
30.72
30.72
30.72
30.72
30.72
30.72
30.72
30.72
30.72
30.72
30.72
30.72
30.72
30.72
30.72
30.72
30.72
30.72
30.72
30.66
29.22
29.0
26.34
26.08
22.86
22.8
24.12
24.22
27.17
27.01
28.58
28.58
28.58
28.58
28.58
28.58
28.58
28.58
28.58
28.58
28.58
28.58
28.58
28.58
28.58
28.58
28.58
28.58
28.58
28.58
28.58
28.58
28.58
28.58
28.58
28.58
28.58
28.58
28.58
28.58
28.58
28.58
28.58
28.58
28.58
28.58
28.58
28.57
26.82
26.49
23.95
23.72
20.59
20.62
21.47
21.57
24.65
24.59
25.81
25.81
25.81
25.81
25.81
25.81
25.81
25.81
25.81
25.81
25.81
25.81
25.81
25.81
25.81
25.81
25.81
25.81
25.81
25.81
25.81
25.81
25.81
25.81
25.81
25.81
25.81
25.81
25.81
25.81
25.81
25.81
25.81
25.81
25.81
25.81
25.81
25.78
24.16
24.0
21.74
21.45
18.92
18.89
20.02
20.06
22.3
22.23
23.06
23.06
23.06
23.06
23.06
23.06
23.06
23.06
23.06
23.06
23.06
23.06
23.06
23.06
23.06
23.06
23.06
23.06
23.06
23.06
23.06
23.06
23.06
23.06
23.06
23.06
23.06
23.06
23.06
23.06
23.06
23.06
23.06
23.06
23.06
23.06
23.06
23.03
21.68
21.53
19.6
19.32
16.84
16.8
17.43
17.5
19.84
19.76
21.29
21.29
21.29
21.29
21.29
21.29
21.29
21.29
21.29
21.29
21.29
21.29
21.29
21.29
21.29
21.29
21.29
21.29
21.29
21.29
21.29
21.29
21.29
21.29
21.29
21.29
21.29
21.29
21.29
21.29
21.29
21.29
21.29
21.29
21.29
21.29
21.29
21.24
19.63
19.5
17.78
17.71
15.7
15.77
16.66
16.67
19.2
19.1
20.44
20.44
20.44
20.44
20.44
20.44
20.44
20.44
20.44
20.44
20.44
20.44
20.44
20.44
20.44
20.44
20.44
20.44
20.44
20.44
20.44
20.44
20.44
20.44
20.44
20.44
20.44
20.44
20.44
20.44
20.44
20.44
20.44
20.44
20.44
20.44
20.44
20.41
18.85
18.73
16.88
16.83
14.14
14.16
15.03
15.07
16.94
16.85
18.09
18.09
18.09
18.09
18.09
18.09
18.09
18.09
18.09
18.09
18.09
18.09
18.09
18.09
18.09
18.09
18.09
18.09
18.09
18.09
18.09
18.09
18.09
18.09
18.09
18.09
18.09
18.09
18.09
18.09
18.09
18.09
18.09
18.09
18.09
18.09
18.09
18.06
16.59
16.52
15.46
15.24
12.9
12.97
13.87
13.91
16.22
16.27
16.98
16.98
16.98
16.98
16.98
16.98
16.98
16.98
16.98
16.98
16.98
16.98
16.98
16.98
16.98
16.98
16.98
16.98
16.98
16.98
16.98
16.98
16.98
16.98
16.98
16.98
16.98
16.98
16.98
16.98
16.98
16.98
16.98
16.98
16.98
16.98
16.98
16.93
15.76
15.71
14.14
14.0
12.23
12.27
13.02
13.05
14.68
14.55
15.04
15.04
15.04
15.04
15.04
15.04
15.04
15.04
15.04
15.04
15.04
15.04
15.04
15.04
15.04
15.04
15.04
15.04
15.04
15.04
15.04
15.04
15.04
15.04
15.04
15.04
15.04
15.04
15.04
15.04
15.04
15.04
15.04
15.04
15.04
15.04
15.04
15.03
13.93
13.78
12.49
12.39
10.65
10.71
11.8
11.68
13.33
13.31
13.71
13.71
13.71
13.71
13.71
13.71
13.71
13.71
13.71
13.71
13.71
13.71
13.71
13.71
13.71
13.71
13.71
13.71
13.71
13.71
13.71
13.71
13.71
13.71
13.71
13.71
13.71
13.71
13.71
13.71
13.71
13.71
13.71
13.71
13.71
13.71
13.71
13.64
12.65
12.65
11.61
11.5
10.0
10.05
11.14
11.25
12.55
12.49
13.1
13.1
13.1
13.1
13.1
13.1
13.1
13.1
13.1
13.1
13.1
13.1
13.1
13.1
13.1
13.1
13.1
13.1
13.1
13.1
13.1
13.1
13.1
13.1
13.1
13.1
13.1
13.1
13.1
13.1
13.1
13.1
13.1
13.1
13.1
13.1
13.1
13.08
12.19
12.16
11.06
10.97
9.33
9.36
9.93
10.07
11.42
11.36
11.92
11.92
11.92
11.92
11.92
11.92
11.92
11.92
11.92
11.92
11.92
11.92
11.92
11.92
11.92
11.92
11.92
11.92
11.92
11.92
11.92
11.92
11.92
11.92
11.92
11.92
11.92
11.92
11.92
11.92
11.92
11.92
11.92
11.92
11.92
11.92
11.92
11.9
10.86
10.81
9.56
9.47
8.56
8.55
9.61
9.64
10.81
10.82
11.38
11.38
11.38
11.38
11.38
11.38
11.38
11.38
11.38
11.38
11.38
11.38
11.38
11.38
11.38
11.38
11.38
11.38
11.38
11.38
11.38
11.38
11.38
11.38
11.38
11.38
11.38
11.38
11.38
11.38
11.38
11.38
11.38
11.38
11.38
11.38
11.38
11.38
10.51
10.47
9.57
9.5
8.31
8.28
8.97
8.96
9.91
9.91
10.74
10.74
10.74
10.74
10.74
10.74
10.74
10.74
10.74
10.74
10.74
10.74
10.74
10.74
10.74
10.74
10.74
10.74
10.74
10.74
10.74
10.74
10.74
10.74
10.74
10.74
10.74
10.74
10.74
10.74
10.74
10.74
10.74
10.74
10.74
10.74
10.74
10.71
9.57
9.5
8.49
8.4
7.45
7.41
7.91
7.92
9.17
9.14
9.75
9.75
9.75
9.75
9.75
9.75
9.75
9.75
9.75
9.75
9.75
9.75
9.75
9.75
9.75
9.75
9.75
9.75
9.75
9.75
9.75
9.75
9.75
9.75
9.75
9.75
9.75
9.75
9.75
9.75
9.75
9.75
9.75
9.75
9.75
9.75
9.75
9.71
8.79
8.72
8.03
7.99
7.08
7.01
7.8
7.83
8.97
9.02
9.72
9.72
9.72
9.72
9.72
9.72
9.72
9.72
9.72
9.72
9.72
9.72
9.72
9.72
9.72
9.72
9.72
9.72
9.72
9.72
9.72
9.72
9.72
9.72
9.72
9.72
9.72
9.72
9.72
9.72
9.72
9.72
9.72
9.72
9.72
9.72
9.72
9.69
8.76
8.73
7.85
7.72
6.82
6.85
7.52
7.53
8.72
8.72
9.12
9.12
9.12
9.12
9.12
9.12
9.12
9.12
9.12
9.12
9.12
9.12
9.12
9.12
9.12
9.12
9.12
9.12
9.12
9.12
9.12
9.12
9.12
9.12
9.12
9.12
9.12
9.12
9.12
9.12
9.12
9.12
9.12
9.12
9.12
9.12
9.12
9.09
8.27
8.23
7.46
7.33
6.26
6.27
6.88
6.99
8.17
8.12
8.72
8.72
8.72
8.72
8.72
8.72
8.72
8.72
8.72
8.72
8.72
8.72
8.72
8.72
8.72
8.72
8.72
8.72
8.72
8.72
8.72
8.72
8.72
8.72
8.72
8.72
8.72
8.72
8.72
8.72
8.72
8.72
8.72
8.72
8.72
8.72
8.72
8.71
8.02
7.96
6.93
6.79
6.08
6.14
6.76
6.8
7.68
7.69
8.09
8.09
8.09
8.09
8.09
8.09
8.09
8.09
8.09
8.09
8.09
8.09
8.09
8.09
8.09
8.09
8.09
8.09
8.09
8.09
8.09
8.09
8.09
8.09
8.09
8.09
8.09
8.09
8.09
8.09
8.09
8.09
8.09
8.09
8.09
8.09
8.09
8.08
7.23
7.27
6.37
6.29
5.42
5.47
6.11
6.19
7.49
7.52
7.85
7.85
7.85
7.85
7.85
7.85
7.85
7.85
7.85
7.85
7.85
7.85
7.85
7.85
7.85
7.85
7.85
7.85
7.85
7.85
7.85
7.85
7.85
7.85
7.85
7.85
7.85
7.85
7.85
7.85
7.85
7.85
7.85
7.85
7.85
7.85
7.85
7.86
7.12
7.12
6.32
6.23
5.49
5.56
6.3
6.36
7.4
7.48
7.65
7.65
7.65
7.65
7.65
7.65
7.65
7.65
7.65
7.65
7.65
7.65
7.65
7.65
7.65
7.65
7.65
7.65
7.65
7.65
7.65
7.65
7.65
7.65
7.65
7.65
7.65
7.65
7.65
7.65
7.65
7.65
7.65
7.65
7.65
7.65
7.65
7.64
7.01
6.95
6.03
5.96
5.09
5.11
5.51
5.61
6.44
6.49
6.96
6.96
6.96
6.96
6.96
6.96
6.96
6.96
6.96
6.96
6.96
6.96
6.96
6.96
6.96
6.96
6.96
6.96
6.96
6.96
6.96
6.96
6.96
6.96
6.96
6.96
6.96
6.96
6.96
6.96
6.96
6.96
6.96
6.96
6.96
6.96
6.96
6.94
6.33
6.26
5.61
5.52
4.96
4.98
5.56
5.6
6.35
6.36
7.19
7.19
7.19
7.19
7.19
7.19
7.19
7.19
7.19
7.19
7.19
7.19
7.19
7.19
7.19
7.19
7.19
7.19
7.19
7.19
7.19
7.19
7.19
7.19
7.19
7.19
7.19
7.19
7.19
7.19
7.19
7.19
7.19
7.19
7.19
7.19
7.19
7.18
6.63
6.59
5.72
5.67
5.15
5.19
5.81
5.78
6.54
6.49
7.17
7.17
7.17
7.17
7.17
7.17
7.17
7.17
7.17
7.17
7.17
7.17
7.17
7.17
7.17
7.17
7.17
7.17
7.17
7.17
7.17
7.17
7.17
7.17
7.17
7.17
7.17
7.17
7.17
7.17
7.17
7.17
7.17
7.17
7.17
7.17
7.17
7.13
6.33
6.31
5.74
5.69
5.12
5.19
5.74
5.78
6.36
6.36
6.87
6.87
6.87
6.87
6.87
6.87
6.87
6.87
6.87
6.87
6.87
6.87
6.87
6.87
6.87
6.87
6.87
6.87
6.87
6.87
6.87
6.87
6.87
6.87
6.87
6.87
6.87
6.87
6.87
6.87
6.87
6.87
6.87
6.87
6.87
6.87
6.87
6.85
6.32
6.27
5.5
5.51
5.02
5.03
5.43
5.46
6.29
6.24
6.9
6.9
6.9
6.9
6.9
6.9
6.9
6.9
6.9
6.9
6.9
6.9
6.9
6.9
6.9
6.9
6.9
6.9
6.9
6.9
6.9
6.9
6.9
6.9
6.9
6.9
6.9
6.9
6.9
6.9
6.9
6.9
6.9
6.9
6.9
6.9
6.9
6.88
6.24
6.17
5.58
5.52
4.96
5.0
5.46
5.5
5.94
5.98
6.7
6.7
6.7
6.7
6.7
6.7
6.7
6.7
6.7
6.7
6.7
6.7
6.7
6.7
6.7
6.7
6.7
6.7
6.7
6.7
6.7
6.7
6.7
6.7
6.7
6.7
6.7
6.7
6.7
6.7
6.7
6.7
6.7
6.7
6.7
6.7
6.7
6.67
6.1
6.03
5.24
5.16
4.6
4.65
5.12
5.14
5.59
5.55
6.09
6.09
6.09
6.09
6.09
6.09
6.09
6.09
6.09
6.09
6.09
6.09
6.09
6.09
6.09
6.09
6.09
6.09
6.09
6.09
6.09
6.09
6.09
6.09
6.09
6.09
6.09
6.09
6.09
6.09
6.09
6.09
6.09
6.09
6.09
6.09
6.09
6.07
5.56
5.55
4.91
4.83
4.15
4.2
4.89
4.84
5.18
5.22
5.79
5.79
5.79
5.79
5.79
5.79
5.79
5.79
5.79
5.79
5.79
5.79
5.79
5.79
5.79
5.79
5.79
5.79
5.79
5.79
5.79
5.79
5.79
5.79
5.79
5.79
5.79
5.79
5.79
5.79
5.79
5.79
5.79
5.79
5.79
5.79
5.79
5.75
5.16
5.19
4.66
4.65
4.2
4.24
4.85
4.81
5.15
5.24
6.07
6.07
6.07
6.07
6.07
6.07
6.07
6.07
6.07
6.07
6.07
6.07
6.07
6.07
6.07
6.07
6.07
6.07
6.07
6.07
6.07
6.07
6.07
6.07
6.07
6.07
6.07
6.07
6.07
6.07
6.07
6.07
6.07
6.07
6.07
6.07
6.07
6.05
5.54
5.54
5.01
5.0
4.55
4.57
5.32
5.43
6.03
6.1
6.63
6.63
6.63
6.63
6.63
6.63
6.63
6.63
6.63
6.63
6.63
6.63
6.63
6.63
6.63
6.63
6.63
6.63
6.63
6.63
6.63
6.63
6.63
6.63
6.63
6.63
6.63
6.63
6.63
6.63
6.63
6.63
6.63
6.63
6.63
6.63
6.63
6.62
5.99
5.93
5.46
5.42
4.83
4.91
5.41
5.51
6.26
6.35
6.68
6.68
6.68
6.68
6.68
6.68
6.68
6.68
6.68
6.68
6.68
6.68
6.68
6.68
6.68
6.68
6.68
6.68
6.68
6.68
6.68
6.68
6.68
6.68
6.68
6.68
6.68
6.68
6.68
6.68
6.68
6.68
6.68
6.68
6.68
6.68
6.68
6.67
5.96
5.87
5.21
5.11
4.66
4.73
5.34
5.41
6.12
6.05
6.6
6.6
6.6
6.6
6.6
6.6
6.6
6.6
6.6
6.6
6.6
6.6
6.6
6.6
6.6
6.6
6.6
6.6
6.6
6.6
6.6
6.6
6.6
6.6
6.6
6.6
6.6
6.6
6.6
6.6
6.6
6.6
6.6
6.6
6.6
6.6
6.6
6.58
5.99
5.92
5.39
5.29
4.57
4.64
5.09
5.22
5.74
5.74
6.13
6.13
6.13
6.13
6.13
6.13
6.13
6.13
6.13
6.13
6.13
6.13
6.13
6.13
6.13
6.13
6.13
6.13
6.13
6.13
6.13
6.13
6.13
6.13
6.13
6.13
6.13
6.13
6.13
6.13
6.13
6.13
6.13
6.13
6.13
6.13
6.13
6.1
5.45
5.4
4.71
4.72
4.36
4.46
4.91
4.99
5.68
5.7
6.04
6.04
6.04
6.04
6.04
6.04
6.04
6.04
6.04
6.04
6.04
6.04
6.04
6.04
6.04
6.04
6.04
6.04
6.04
6.04
6.04
6.04
6.04
6.04
6.04
6.04
6.04
6.04
6.04
6.04
6.04
6.04
6.04
6.04
6.04
6.04
6.04
6.02
5.58
5.56
5.07
5.05
4.46
4.52
4.87
4.97
5.49
5.54
6.28
6.28
6.28
6.28
6.28
6.28
6.28
6.28
6.28
6.28
6.28
6.28
6.28
6.28
6.28
6.28
6.28
6.28
6.28
6.28
6.28
6.28
6.28
6.28
6.28
6.28
6.28
6.28
6.28
6.28
6.28
6.28
6.28
6.28
6.28
6.28
6.28
6.23
5.63
5.59
5.18
5.07
4.32
4.37
4.77
4.78
5.5
5.48
5.87
5.87
5.87
5.87
5.87
5.87
5.87
5.87
5.87
5.87
5.87
5.87
5.87
5.87
5.87
5.87
5.87
5.87
5.87
5.87
5.87
5.87
5.87
5.87
5.87
5.87
5.87
5.87
5.87
5.87
5.87
5.87
5.87
5.87
5.87
5.87
5.87
5.85
5.41
5.33
4.75
4.71
4.12
4.19
4.62
4.69
5.36
5.27
5.71
5.71
5.71
5.71
5.71
5.71
5.71
5.71
5.71
5.71
5.71
5.71
5.71
5.71
5.71
5.71
5.71
5.71
5.71
5.71
5.71
5.71
5.71
5.71
5.71
5.71
5.71
5.71
5.71
5.71
5.71
5.71
5.71
5.71
5.71
5.71
5.71
5.7
5.1
5.07
4.51
4.46
3.93
3.97
4.51
4.54
5.18
5.17
5.44
5.44
5.44
5.44
5.44
5.44
5.44
5.44
5.44
5.44
5.44
5.44
5.44
5.44
5.44
5.44
5.44
5.44
5.44
5.44
5.44
5.44
5.44
5.44
5.44
5.44
5.44
5.44
5.44
5.44
5.44
5.44
5.44
5.44
5.44
5.44
5.44
5.42
4.8
4.82
4.3
4.26
3.91
3.96
4.59
4.56
5.32
5.37
5.75
5.75
5.75
5.75
5.75
5.75
5.75
5.75
5.75
5.75
5.75
5.75
5.75
5.75
5.75
5.75
5.75
5.75
5.75
5.75
5.75
5.75
5.75
5.75
5.75
5.75
5.75
5.75
5.75
5.75
5.75
5.75
5.75
5.75
5.75
5.75
5.75
5.75
5.2
5.12
4.61
4.51
4.07
4.09
4.62
4.67
5.42
5.47
5.71
5.71
5.71
5.71
5.71
5.71
5.71
5.71
5.71
5.71
5.71
5.71
5.71
5.71
5.71
5.71
5.71
5.71
5.71
5.71
5.71
5.71
5.71
5.71
5.71
5.71
5.71
5.71
5.71
5.71
5.71
5.71
5.71
5.71
5.71
5.71
5.71
5.68
5.12
5.11
4.61
4.61
3.95
4.0
4.76
4.78
5.51
5.54
5.86
5.86
5.86
5.86
5.86
5.86
5.86
5.86
5.86
5.86
5.86
5.86
5.86
5.86
5.86
5.86
5.86
5.86
5.86
5.86
5.86
5.86
5.86
5.86
5.86
5.86
5.86
5.86
5.86
5.86
5.86
5.86
5.86
5.86
5.86
5.86
5.86
5.86
5.28
5.25
4.7
4.66
3.99
3.99
4.79
4.78
5.32
5.35
5.99
5.99
5.99
5.99
5.99
5.99
5.99
5.99
5.99
5.99
5.99
5.99
5.99
5.99
5.99
5.99
5.99
5.99
5.99
5.99
5.99
5.99
5.99
5.99
5.99
5.99
5.99
5.99
5.99
5.99
5.99
5.99
5.99
5.99
5.99
5.99
5.99
5.95
5.4
5.41
4.71
4.71
4.0
4.0
4.49
4.54
4.99
4.99
5.41
5.41
5.41
5.41
5.41
5.41
5.41
5.41
5.41
5.41
5.41
5.41
5.41
5.41
5.41
5.41
5.41
5.41
5.41
5.41
5.41
5.41
5.41
5.41
5.41
5.41
5.41
5.41
5.41
5.41
5.41
5.41
5.41
5.41
5.41
5.41
5.41
5.39
4.86
4.82
4.26
4.24
3.91
3.91
4.41
4.48
5.08
5.11
5.43
5.43
5.43
5.43
5.43
5.43
5.43
5.43
5.43
5.43
5.43
5.43
5.43
5.43
5.43
5.43
5.43
5.43
5.43
5.43
5.43
5.43
5.43
5.43
5.43
5.43
5.43
5.43
5.43
5.43
5.43
5.43
5.43
5.43
5.43
5.43
5.43
5.4
4.91
4.88
4.49
4.47
4.11
4.14
4.69
4.77
5.15
5.17
5.44
5.44
5.44
5.44
5.44
5.44
5.44
5.44
5.44
5.44
5.44
5.44
5.44
5.44
5.44
5.44
5.44
5.44
5.44
5.44
5.44
5.44
5.44
5.44
5.44
5.44
5.44
5.44
5.44
5.44
5.44
5.44
5.44
5.44
5.44
5.44
5.44
5.44
5.0
4.96
4.7
4.68
4.11
4.1
4.73
4.87
5.55
5.61
5.92
5.92
5.92
5.92
5.92
5.92
5.92
5.92
5.92
5.92
5.92
5.92
5.92
5.92
5.92
5.92
5.92
5.92
5.92
5.92
5.92
5.92
5.92
5.92
5.92
5.92
5.92
5.92
5.92
5.92
5.92
5.92
5.92
5.92
5.92
5.92
5.92
5.91
5.4
5.41
4.77
4.69
4.07
4.12
4.79
4.92
5.54
5.58
5.94
5.94
5.94
5.94
5.94
5.94
5.94
5.94
5.94
5.94
5.94
5.94
5.94
5.94
5.94
5.94
5.94
5.94
5.94
5.94
5.94
5.94
5.94
5.94
5.94
5.94
5.94
5.94
5.94
5.94
5.94
5.94
5.94
5.94
5.94
5.94
5.94
5.9
5.4
5.36
4.79
4.74
4.2
4.19
4.61
4.63
5.22
5.27
5.54
5.54
5.54
5.54
5.54
5.54
5.54
5.54
5.54
5.54
5.54
5.54
5.54
5.54
5.54
5.54
5.54
5.54
5.54
5.54
5.54
5.54
5.54
5.54
5.54
5.54
5.54
5.54
5.54
5.54
5.54
5.54
5.54
5.54
5.54
5.54
5.54
5.53
4.93
4.91
4.24
4.24
3.76
3.78
4.48
4.55
5.15
5.2
5.65
5.65
5.65
5.65
5.65
5.65
5.65
5.65
5.65
5.65
5.65
5.65
5.65
5.65
5.65
5.65
5.65
5.65
5.65
5.65
5.65
5.65
5.65
5.65
5.65
5.65
5.65
5.65
5.65
5.65
5.65
5.65
5.65
5.65
5.65
5.65
5.65
5.62
5.13
5.12
4.71
4.66
4.08
4.11
4.79
4.85
5.58
5.56
5.72
5.72
5.72
5.72
5.72
5.72
5.72
5.72
5.72
5.72
5.72
5.72
5.72
5.72
5.72
5.72
5.72
5.72
5.72
5.72
5.72
5.72
5.72
5.72
5.72
5.72
5.72
5.72
5.72
5.72
5.72
5.72
5.72
5.72
5.72
5.72
5.72
5.69
5.15
5.12
4.37
4.33
3.96
3.99
4.45
4.49
4.95
4.85
5.49
5.49
5.49
5.49
5.49
5.49
5.49
5.49
5.49
5.49
5.49
5.49
5.49
5.49
5.49
5.49
5.49
5.49
5.49
5.49
5.49
5.49
5.49
5.49
5.49
5.49
5.49
5.49
5.49
5.49
5.49
5.49
5.49
5.49
5.49
5.49
5.49
5.47
4.87
4.82
4.4
4.37
3.86
3.93
4.54
4.65
5.16
5.13
5.59
5.59
5.59
5.59
5.59
5.59
5.59
5.59
5.59
5.59
5.59
5.59
5.59
5.59
5.59
5.59
5.59
5.59
5.59
5.59
5.59
5.59
5.59
5.59
5.59
5.59
5.59
5.59
5.59
5.59
5.59
5.59
5.59
5.59
5.59
5.59
5.59
5.57
4.98
4.92
4.26
4.21
3.85
3.88
4.42
4.47
5.03
4.98
5.54
5.54
5.54
5.54
5.54
5.54
5.54
5.54
5.54
5.54
5.54
5.54
5.54
5.54
5.54
5.54
5.54
5.54
5.54
5.54
5.54
5.54
5.54
5.54
5.54
5.54
5.54
5.54
5.54
5.54
5.54
5.54
5.54
5.54
5.54
5.54
5.54
5.52
5.04
4.93
4.36
4.29
3.85
3.85
4.35
4.39
5.04
5.07
5.47
5.47
5.47
5.47
5.47
5.47
5.47
5.47
5.47
5.47
5.47
5.47
5.47
5.47
5.47
5.47
5.47
5.47
5.47
5.47
5.47
5.47
5.47
5.47
5.47
5.47
5.47
5.47
5.47
5.47
5.47
5.47
5.47
5.47
5.47
5.47
5.47
5.47
4.91
4.87
4.42
4.39
3.85
3.89
4.42
4.45
5.14
5.14
5.63
5.63
5.63
5.63
5.63
5.63
5.63
5.63
5.63
5.63
5.63
5.63
5.63
5.63
5.63
5.63
5.63
5.63
5.63
5.63
5.63
5.63
5.63
5.63
5.63
5.63
5.63
5.63
5.63
5.63
5.63
5.63
5.63
5.63
5.63
5.63
5.63
5.61
5.22
5.19
4.71
4.71
4.16
4.19
4.74
4.77
5.31
5.34
5.91
5.91
5.91
5.91
5.91
5.91
5.91
5.91
5.91
5.91
5.91
5.91
5.91
5.91
5.91
5.91
5.91
5.91
5.91
5.91
5.91
5.91
5.91
5.91
5.91
5.91
5.91
5.91
5.91
5.91
5.91
5.91
5.91
5.91
5.91
5.91
5.91
5.87
5.38
5.33
4.73
4.71
4.27
4.29
4.84
4.83
5.58
5.59
6.23
6.23
6.23
6.23
6.23
6.23
6.23
6.23
6.23
6.23
6.23
6.23
6.23
6.23
6.23
6.23
6.23
6.23
6.23
6.23
6.23
6.23
6.23
6.23
6.23
6.23
6.23
6.23
6.23
6.23
6.23
6.23
6.23
6.23
6.23
6.23
6.23
6.18
5.5
5.51
4.8
4.78
4.37
4.39
4.88
4.88
5.37
5.45
5.88
5.88
5.88
5.88
5.88
5.88
5.88
5.88
5.88
5.88
5.88
5.88
5.88
5.88
5.88
5.88
5.88
5.88
5.88
5.88
5.88
5.88
5.88
5.88
5.88
5.88
5.88
5.88
5.88
5.88
5.88
5.88
5.88
5.88
5.88
5.88
5.88
5.87
5.39
5.33
4.97
4.95
4.56
4.63
5.31
5.34
6.11
6.11
6.58
6.58
6.58
6.58
6.58
6.58
6.58
6.58
6.58
6.58
6.58
6.58
6.58
6.58
6.58
6.58
6.58
6.58
6.58
6.58
6.58
6.58
6.58
6.58
6.58
6.58
6.58
6.58
6.58
6.58
6.58
6.58
6.58
6.58
6.58
6.58
6.58
6.53
5.93
5.89
5.18
5.08
4.63
4.72
5.33
5.35
6.11
6.07
6.74
6.74
6.74
6.74
6.74
6.74
6.74
6.74
6.74
6.74
6.74
6.74
6.74
6.74
6.74
6.74
6.74
6.74
6.74
6.74
6.74
6.74
6.74
6.74
6.74
6.74
6.74
6.74
6.74
6.74
6.74
6.74
6.74
6.74
6.74
6.74
6.74
6.7
6.01
6.01
5.34
5.3
4.74
4.78
5.52
5.65
6.01
6.01
6.3
6.3
6.3
6.3
6.3
6.3
6.3
6.3
6.3
6.3
6.3
6.3
6.3
6.3
6.3
6.3
6.3
6.3
6.3
6.3
6.3
6.3
6.3
6.3
6.3
6.3
6.3
6.3
6.3
6.3
6.3
6.3
6.3
6.3
6.3
6.3
6.3
6.27
5.8
5.76
5.14
5.1
4.52
4.54
4.97
5.06
5.76
5.79
6.22
6.22
6.22
6.22
6.22
6.22
6.22
6.22
6.22
6.22
6.22
6.22
6.22
6.22
6.22
6.22
6.22
6.22
6.22
6.22
6.22
6.22
6.22
6.22
6.22
6.22
6.22
6.22
6.22
6.22
6.22
6.22
6.22
6.22
6.22
6.22
6.22
6.19
5.57
5.52
5.13
5.11
4.59
4.62
5.21
5.24
5.96
6.01
6.29
6.29
6.29
6.29
6.29
6.29
6.29
6.29
6.29
6.29
6.29
6.29
6.29
6.29
6.29
6.29
6.29
6.29
6.29
6.29
6.29
6.29
6.29
6.29
6.29
6.29
6.29
6.29
6.29
6.29
6.29
6.29
6.29
6.29
6.29
6.29
6.29
6.28
5.69
5.6
5.07
5.06
4.47
4.51
5.02
5.02
5.77
5.79
6.44
6.44
6.44
6.44
6.44
6.44
6.44
6.44
6.44
6.44
6.44
6.44
6.44
6.44
6.44
6.44
6.44
6.44
6.44
6.44
6.44
6.44
6.44
6.44
6.44
6.44
6.44
6.44
6.44
6.44
6.44
6.44
6.44
6.44
6.44
6.44
6.44
6.36
5.85
5.81
5.09
5.09
4.62
4.63
5.32
5.34
6.06
6.12
6.66
6.66
6.66
6.66
6.66
6.66
6.66
6.66
6.66
6.66
6.66
6.66
6.66
6.66
6.66
6.66
6.66
6.66
6.66
6.66
6.66
6.66
6.66
6.66
6.66
6.66
6.66
6.66
6.66
6.66
6.66
6.66
6.66
6.66
6.66
6.66
6.66
6.59
6.09
6.13
5.37
5.35
4.82
4.86
5.64
5.74
6.26
6.25
6.62
6.62
6.62
6.62
6.62
6.62
6.62
6.62
6.62
6.62
6.62
6.62
6.62
6.62
6.62
6.62
6.62
6.62
6.62
6.62
6.62
6.62
6.62
6.62
6.62
6.62
6.62
6.62
6.62
6.62
6.62
6.62
6.62
6.62
6.62
6.62
6.62
6.61
6.04
5.92
5.12
5.08
4.38
4.46
5.22
5.2
5.9
6.01
6.49
6.49
6.49
6.49
6.49
6.49
6.49
6.49
6.49
6.49
6.49
6.49
6.49
6.49
6.49
6.49
6.49
6.49
6.49
6.49
6.49
6.49
6.49
6.49
6.49
6.49
6.49
6.49
6.49
6.49
6.49
6.49
6.49
6.49
6.49
6.49
6.49
6.5
5.94
5.84
5.26
5.22
4.52
4.65
5.21
5.25
5.8
5.81
6.3
6.3
6.3
6.3
6.3
6.3
6.3
6.3
6.3
6.3
6.3
6.3
6.3
6.3
6.3
6.3
6.3
6.3
6.3
6.3
6.3
6.3
6.3
6.3
6.3
6.3
6.3
6.3
6.3
6.3
6.3
6.3
6.3
6.3
6.3
6.3
6.3
6.22
5.53
5.48
4.91
4.79
4.42
4.43
4.83
4.83
5.6
5.58
6.11
6.11
6.11
6.11
6.11
6.11
6.11
6.11
6.11
6.11
6.11
6.11
6.11
6.11
6.11
6.11
6.11
6.11
6.11
6.11
6.11
6.11
6.11
6.11
6.11
6.11
6.11
6.11
6.11
6.11
6.11
6.11
6.11
6.11
6.11
6.11
6.11
6.1
5.59
5.56
5.26
5.17
4.46
4.5
5.2
5.2
5.67
5.67
6.15
6.15
6.15
6.15
6.15
6.15
6.15
6.15
6.15
6.15
6.15
6.15
6.15
6.15
6.15
6.15
6.15
6.15
6.15
6.15
6.15
6.15
6.15
6.15
6.15
6.15
6.15
6.15
6.15
6.15
6.15
6.15
6.15
6.15
6.15
6.15
6.15
6.12
5.5
5.48
5.22
5.16
4.34
4.36
4.81
4.84
5.57
5.57
6.13
6.13
6.13
6.13
6.13
6.13
6.13
6.13
6.13
6.13
6.13
6.13
6.13
6.13
6.13
6.13
6.13
6.13
6.13
6.13
6.13
6.13
6.13
6.13
6.13
6.13
6.13
6.13
6.13
6.13
6.13
6.13
6.13
6.13
6.13
6.13
6.13
6.12
5.64
5.58
5.03
4.96
4.43
4.45
4.91
4.97
5.29
5.34
5.8
5.8
5.8
5.8
5.8
5.8
5.8
5.8
5.8
5.8
5.8
5.8
5.8
5.8
5.8
5.8
5.8
5.8
5.8
5.8
5.8
5.8
5.8
5.8
5.8
5.8
5.8
5.8
5.8
5.8
5.8
5.8
5.8
5.8
5.8
5.8
5.8
5.75
5.18
5.11
4.47
4.37
3.79
3.8
4.18
4.23
4.95
5.01
5.46
5.46
5.46
5.46
5.46
5.46
5.46
5.46
5.46
5.46
5.46
5.46
5.46
5.46
5.46
5.46
5.46
5.46
5.46
5.46
5.46
5.46
5.46
5.46
5.46
5.46
5.46
5.46
5.46
5.46
5.46
5.46
5.46
5.46
5.46
5.46
5.46
5.43
4.87
4.82
4.41
4.37
3.87
3.89
4.4
4.38
5.22
5.24
5.77
5.77
5.77
5.77
5.77
5.77
5.77
5.77
5.77
5.77
5.77
5.77
5.77
5.77
5.77
5.77
5.77
5.77
5.77
5.77
5.77
5.77
5.77
5.77
5.77
5.77
5.77
5.77
5.77
5.77
5.77
5.77
5.77
5.77
5.77
5.77
5.77
5.73
5.09
5.04
4.45
4.38
3.82
3.82
4.18
4.17
5.08
5.15
5.64
5.64
5.64
5.64
5.64
5.64
5.64
5.64
5.64
5.64
5.64
5.64
5.64
5.64
5.64
5.64
5.64
5.64
5.64
5.64
5.64
5.64
5.64
5.64
5.64
5.64
5.64
5.64
5.64
5.64
5.64
5.64
5.64
5.64
5.64
5.64
5.64
5.61
5.08
5.04
4.56
4.51
4.14
4.18
4.71
4.7
5.16
5.17
5.66
5.66
5.66
5.66
5.66
5.66
5.66
5.66
5.66
5.66
5.66
5.66
5.66
5.66
5.66
5.66
5.66
5.66
5.66
5.66
5.66
5.66
5.66
5.66
5.66
5.66
5.66
5.66
5.66
5.66
5.66
5.66
5.66
5.66
5.66
5.66
5.66
5.65
5.1
5.0
4.44
4.41
4.08
4.1
4.69
4.74
5.29
5.18
5.9
5.9
5.9
5.9
5.9
5.9
5.9
5.9
5.9
5.9
5.9
5.9
5.9
5.9
5.9
5.9
5.9
5.9
5.9
5.9
5.9
5.9
5.9
5.9
5.9
5.9
5.9
5.9
5.9
5.9
5.9
5.9
5.9
5.9
5.9
5.9
5.9
5.91
5.29
5.27
4.64
4.64
4.19
4.22
4.83
4.83
5.37
5.44
5.9
5.9
5.9
5.9
5.9
5.9
5.9
5.9
5.9
5.9
5.9
5.9
5.9
5.9
5.9
5.9
5.9
5.9
5.9
5.9
5.9
5.9
5.9
5.9
5.9
5.9
5.9
5.9
5.9
5.9
5.9
5.9
5.9
5.9
5.9
5.9
5.9
5.85
5.13
5.05
4.59
4.53
4.06
4.11
4.65
4.69
5.3
5.35
5.77
5.77
5.77
5.77
5.77
5.77
5.77
5.77
5.77
5.77
5.77
5.77
5.77
5.77
5.77
5.77
5.77
5.77
5.77
5.77
5.77
5.77
5.77
5.77
5.77
5.77
5.77
5.77
5.77
5.77
5.77
5.77
5.77
5.77
5.77
5.77
5.77
5.74
5.23
5.27
4.74
4.66
4.2
4.2
4.46
4.49
5.25
5.23
5.67
5.67
5.67
5.67
5.67
5.67
5.67
5.67
5.67
5.67
5.67
5.67
5.67
5.67
5.67
5.67
5.67
5.67
5.67
5.67
5.67
5.67
5.67
5.67
5.67
5.67
5.67
5.67
5.67
5.67
5.67
5.67
5.67
5.67
5.67
5.67
5.67
5.66
5.23
5.21
4.74
4.64
4.38
4.4
4.93
4.99
5.74
5.82
6.26
6.26
6.26
6.26
6.26
6.26
6.26
6.26
6.26
6.26
6.26
6.26
6.26
6.26
6.26
6.26
6.26
6.26
6.26
6.26
6.26
6.26
6.26
6.26
6.26
6.26
6.26
6.26
6.26
6.26
6.26
6.26
6.26
6.26
6.26
6.26
6.26
6.21
5.58
5.5
4.95
4.89
4.38
4.4
4.87
4.94
5.34
5.37
5.97
5.97
5.97
5.97
5.97
5.97
5.97
5.97
5.97
5.97
5.97
5.97
5.97
5.97
5.97
5.97
5.97
5.97
5.97
5.97
5.97
5.97
5.97
5.97
5.97
5.97
5.97
5.97
5.97
5.97
5.97
5.97
5.97
5.97
5.97
5.97
5.97
5.93
5.4
5.39
4.88
4.88
4.51
4.51
4.92
4.93
5.55
5.55
6.17
6.17
6.17
6.17
6.17
6.17
6.17
6.17
6.17
6.17
6.17
6.17
6.17
6.17
6.17
6.17
6.17
6.17
6.17
6.17
6.17
6.17
6.17
6.17
6.17
6.17
6.17
6.17
6.17
6.17
6.17
6.17
6.17
6.17
6.17
6.17
6.17
6.15
5.55
5.54
4.86
4.75
4.26
4.3
4.76
4.81
5.72
5.79
6.38
6.38
6.38
6.38
6.38
6.38
6.38
6.38
6.38
6.38
6.38
6.38
6.38
6.38
6.38
6.38
6.38
6.38
6.38
6.38
6.38
6.38
6.38
6.38
6.38
6.38
6.38
6.38
6.38
6.38
6.38
6.38
6.38
6.38
6.38
6.38
6.38
6.34
5.84
5.8
5.12
5.06
4.76
4.8
5.54
5.54
6.21
6.23
6.93
6.93
6.93
6.93
6.93
6.93
6.93
6.93
6.93
6.93
6.93
6.93
6.93
6.93
6.93
6.93
6.93
6.93
6.93
6.93
6.93
6.93
6.93
6.93
6.93
6.93
6.93
6.93
6.93
6.93
6.93
6.93
6.93
6.93
6.93
6.93
6.93
6.9
6.26
6.21
5.58
5.5
4.67
4.73
5.36
5.46
5.89
5.88
6.38
6.38
6.38
6.38
6.38
6.38
6.38
6.38
6.38
6.38
6.38
6.38
6.38
6.38
6.38
6.38
6.38
6.38
6.38
6.38
6.38
6.38
6.38
6.38
6.38
6.38
6.38
6.38
6.38
6.38
6.38
6.38
6.38
6.38
6.38
6.38
6.38
6.33
5.75
5.77
5.18
5.16
4.61
4.6
5.1
5.17
5.93
6.03
6.43
6.43
6.43
6.43
6.43
6.43
6.43
6.43
6.43
6.43
6.43
6.43
6.43
6.43
6.43
6.43
6.43
6.43
6.43
6.43
6.43
6.43
6.43
6.43
6.43
6.43
6.43
6.43
6.43
6.43
6.43
6.43
6.43
6.43
6.43
6.43
6.43
6.39
5.83
5.78
5.27
5.18
4.75
4.76
5.48
5.58
6.35
6.31
6.8
6.8
6.8
6.8
6.8
6.8
6.8
6.8
6.8
6.8
6.8
6.8
6.8
6.8
6.8
6.8
6.8
6.8
6.8
6.8
6.8
6.8
6.8
6.8
6.8
6.8
6.8
6.8
6.8
6.8
6.8
6.8
6.8
6.8
6.8
6.8
6.8
6.8
6.25
6.17
5.28
5.2
4.92
4.93
5.42
5.42
6.01
6.0
6.32
6.32
6.32
6.32
6.32
6.32
6.32
6.32
6.32
6.32
6.32
6.32
6.32
6.32
6.32
6.32
6.32
6.32
6.32
6.32
6.32
6.32
6.32
6.32
6.32
6.32
6.32
6.32
6.32
6.32
6.32
6.32
6.32
6.32
6.32
6.32
6.32
6.29
5.77
5.78
5.24
5.12
4.63
4.74
5.12
5.15
5.96
6.0
6.74
6.74
6.74
6.74
6.74
6.74
6.74
6.74
6.74
6.74
6.74
6.74
6.74
6.74
6.74
6.74
6.74
6.74
6.74
6.74
6.74
6.74
6.74
6.74
6.74
6.74
6.74
6.74
6.74
6.74
6.74
6.74
6.74
6.74
6.74
6.74
6.74
6.73
6.12
6.11
5.5
5.48
4.82
4.85
5.25
5.24
6.02
6.07
6.9
6.9
6.9
6.9
6.9
6.9
6.9
6.9
6.9
6.9
6.9
6.9
6.9
6.9
6.9
6.9
6.9
6.9
6.9
6.9
6.9
6.9
6.9
6.9
6.9
6.9
6.9
6.9
6.9
6.9
6.9
6.9
6.9
6.9
6.9
6.9
6.9
6.85
6.26
6.19
5.48
5.4
4.59
4.58
4.76
4.72
5.65
5.69
6.4
6.4
6.4
6.4
6.4
6.4
6.4
6.4
6.4
6.4
6.4
6.4
6.4
6.4
6.4
6.4
6.4
6.4
6.4
6.4
6.4
6.4
6.4
6.4
6.4
6.4
6.4
6.4
6.4
6.4
6.4
6.4
6.4
6.4
6.4
6.4
6.4
6.38
5.77
5.76
5.03
4.93
4.44
4.5
4.86
4.9
5.63
5.65
6.08
6.08
6.08
6.08
6.08
6.08
6.08
6.08
6.08
6.08
6.08
6.08
6.08
6.08
6.08
6.08
6.08
6.08
6.08
6.08
6.08
6.08
6.08
6.08
6.08
6.08
6.08
6.08
6.08
6.08
6.08
6.08
6.08
6.08
6.08
6.08
6.08
6.06
5.51
5.44
4.9
4.88
4.15
4.17
4.77
4.79
5.63
5.68
5.82
5.82
5.82
5.82
5.82
5.82
5.82
5.82
5.82
5.82
5.82
5.82
5.82
5.82
5.82
5.82
5.82
5.82
5.82
5.82
5.82
5.82
5.82
5.82
5.82
5.82
5.82
5.82
5.82
5.82
5.82
5.82
5.82
5.82
5.82
5.82
5.82
5.81
5.28
5.22
4.85
4.78
4.3
4.33
4.91
4.93
5.9
5.9
6.08
6.08
6.08
6.08
6.08
6.08
6.08
6.08
6.08
6.08
6.08
6.08
6.08
6.08
6.08
6.08
6.08
6.08
6.08
6.08
6.08
6.08
6.08
6.08
6.08
6.08
6.08
6.08
6.08
6.08
6.08
6.08
6.08
6.08
6.08
6.08
6.08
6.06
5.61
5.53
4.93
4.86
4.38
4.46
5.14
5.15
6.08
6.02
6.38
6.38
6.38
6.38
6.38
6.38
6.38
6.38
6.38
6.38
6.38
6.38
6.38
6.38
6.38
6.38
6.38
6.38
6.38
6.38
6.38
6.38
6.38
6.38
6.38
6.38
6.38
6.38
6.38
6.38
6.38
6.38
6.38
6.38
6.38
6.38
6.38
6.38
5.87
5.8
5.15
5.05
4.59
4.61
5.2
5.24
5.98
5.96
6.25
6.25
6.25
6.25
6.25
6.25
6.25
6.25
6.25
6.25
6.25
6.25
6.25
6.25
6.25
6.25
6.25
6.25
6.25
6.25
6.25
6.25
6.25
6.25
6.25
6.25
6.25
6.25
6.25
6.25
6.25
6.25
6.25
6.25
6.25
6.25
6.25
6.2
5.68
5.62
5.05
4.99
4.57
4.56
5.07
5.13
6.0
5.99
6.22
6.22
6.22
6.22
6.22
6.22
6.22
6.22
6.22
6.22
6.22
6.22
6.22
6.22
6.22
6.22
6.22
6.22
6.22
6.22
6.22
6.22
6.22
6.22
6.22
6.22
6.22
6.22
6.22
6.22
6.22
6.22
6.22
6.22
6.22
6.22
6.22
6.2
5.67
5.66
5.19
5.25
4.47
4.47
5.12
5.17
6.24
6.24
6.48
6.48
6.48
6.48
6.48
6.48
6.48
6.48
6.48
6.48
6.48
6.48
6.48
6.48
6.48
6.48
6.48
6.48
6.48
6.48
6.48
6.48
6.48
6.48
6.48
6.48
6.48
6.48
6.48
6.48
6.48
6.48
6.48
6.48
6.48
6.48
6.48
6.47
5.82
5.82
5.04
4.97
4.49
4.56
4.99
5.06
6.04
6.1
6.46
6.46
6.46
6.46
6.46
6.46
6.46
6.46
6.46
6.46
6.46
6.46
6.46
6.46
6.46
6.46
6.46
6.46
6.46
6.46
6.46
6.46
6.46
6.46
6.46
6.46
6.46
6.46
6.46
6.46
6.46
6.46
6.46
6.46
6.46
6.46
6.46
6.44
5.99
5.99
5.32
5.22
4.71
4.78
5.13
5.14
5.9
5.9
6.3
6.3
6.3
6.3
6.3
6.3
6.3
6.3
6.3
6.3
6.3
6.3
6.3
6.3
6.3
6.3
6.3
6.3
6.3
6.3
6.3
6.3
6.3
6.3
6.3
6.3
6.3
6.3
6.3
6.3
6.3
6.3
6.3
6.3
6.3
6.3
6.3
6.22
5.63
5.56
5.13
5.05
4.5
4.52
4.98
5.08
5.82
5.87
6.38
6.38
6.38
6.38
6.38
6.38
6.38
6.38
6.38
6.38
6.38
6.38
6.38
6.38
6.38
6.38
6.38
6.38
6.38
6.38
6.38
6.38
6.38
6.38
6.38
6.38
6.38
6.38
6.38
6.38
6.38
6.38
6.38
6.38
6.38
6.38
6.38
6.38
5.54
5.48
4.89
4.86
4.4
4.46
4.78
4.86
5.67
5.63
6.36
6.36
6.36
6.36
6.36
6.36
6.36
6.36
6.36
6.36
6.36
6.36
6.36
6.36
6.36
6.36
6.36
6.36
6.36
6.36
6.36
6.36
6.36
6.36
6.36
6.36
6.36
6.36
6.36
6.36
6.36
6.36
6.36
6.36
6.36
6.36
6.36
6.35
5.78
5.77
5.14
5.05
4.44
4.47
5.09
5.15
5.9
5.95
6.7
6.7
6.7
6.7
6.7
6.7
6.7
6.7
6.7
6.7
6.7
6.7
6.7
6.7
6.7
6.7
6.7
6.7
6.7
6.7
6.7
6.7
6.7
6.7
6.7
6.7
6.7
6.7
6.7
6.7
6.7
6.7
6.7
6.7
6.7
6.7
6.7
6.66
5.94
5.85
5.32
5.21
4.79
4.82
5.36
5.42
5.98
6.05
6.47
6.47
6.47
6.47
6.47
6.47
6.47
6.47
6.47
6.47
6.47
6.47
6.47
6.47
6.47
6.47
6.47
6.47
6.47
6.47
6.47
6.47
6.47
6.47
6.47
6.47
6.47
6.47
6.47
6.47
6.47
6.47
6.47
6.47
6.47
6.47
6.47
6.4
5.86
5.8
5.16
5.07
4.63
4.68
5.33
5.35
5.96
5.99
6.5
6.5
6.5
6.5
6.5
6.5
6.5
6.5
6.5
6.5
6.5
6.5
6.5
6.5
6.5
6.5
6.5
6.5
6.5
6.5
6.5
6.5
6.5
6.5
6.5
6.5
6.5
6.5
6.5
6.5
6.5
6.5
6.5
6.5
6.5
6.5
6.5
