0.0
0.0
0.0
0.0
0.0
0.48
0.48
0.48
0.48
0.48
0.48
1.21
1.21
1.21
1.21
1.21
1.21
1.21
1.21
1.21
1.21
1.21
1.21
1.21
1.21
1.21
1.21
1.21
1.21
1.21
1.21
1.21
1.21
1.21
1.21
1.21
1.21
1.21
1.21
1.21
1.21
1.21
1.21
1.21
1.21
1.21
1.21
1.21
1.21
1.21
1.21
1.21
1.21
1.21
1.21
2.3
2.3
2.3
2.3
2.14
2.14
2.14
2.14
2.14
2.14
2.14
2.14
2.14
2.14
2.14
2.14
2.14
2.14
2.14
2.14
2.14
2.14
2.14
2.14
2.14
2.14
2.14
2.14
2.14
2.14
2.14
2.14
2.14
2.14
2.14
2.14
2.14
2.14
2.14
2.14
2.14
2.14
2.14
2.14
3.09
3.09
3.09
3.09
3.95
3.98
5.72
5.72
4.21
4.21
4.21
4.21
4.21
4.21
4.21
4.21
4.21
4.21
4.21
4.21
4.21
4.21
4.21
4.21
4.21
4.21
4.21
4.21
4.21
4.21
4.21
4.21
4.21
4.21
4.21
4.21
4.21
4.21
4.21
4.21
4.21
4.21
4.21
4.21
4.21
4.21
4.21
4.23
4.94
4.94
6.7
6.7
7.79
7.81
9.08
9.09
7.81
7.81
7.81
7.81
7.81
7.81
7.81
7.81
7.81
7.81
7.81
7.81
7.81
7.81
7.81
7.81
7.81
7.81
7.81
7.81
7.81
7.81
7.81
7.81
7.81
7.81
7.81
7.81
7.81
7.81
7.81
7.81
7.81
7.81
7.81
7.81
7.81
7.81
7.81
7.82
8.97
9.01
10.16
10.19
14.2
14.2
16.16
16.24
11.74
11.74
11.74
11.74
11.74
11.74
11.74
11.74
11.74
11.74
11.74
11.74
11.74
11.74
11.74
11.74
11.74
11.74
11.74
11.74
11.74
11.74
11.74
11.74
11.74
11.74
11.74
11.74
11.74
11.74
11.74
11.74
11.74
11.74
11.74
11.74
11.74
11.74
11.74
11.79
15.71
15.71
17.8
17.89
21.5
21.56
28.66
28.66
19.2
19.2
19.2
19.2
19.2
19.2
19.2
19.2
19.2
19.2
19.2
19.2
19.2
19.2
19.2
19.2
19.2
19.2
19.2
19.2
19.2
19.2
19.2
19.2
19.2
19.2
19.2
19.2
19.2
19.2
19.2
19.2
19.2
19.2
19.2
19.2
19.2
19.2
19.2
19.32
22.87
22.9
29.6
29.6
35.02
35.21
41.52
41.58
31.16
31.16
31.16
31.16
31.16
31.16
31.16
31.16
31.16
31.16
31.16
31.16
31.16
31.16
31.16
31.16
31.16
31.16
31.16
31.16
31.16
31.16
31.16
31.16
31.16
31.16
31.16
31.16
31.16
31.16
31.16
31.16
31.16
31.16
31.16
31.16
31.16
31.16
31.16
31.14
36.41
36.6
42.66
42.7
55.15
55.14
63.99
64.27
42.67
42.67
42.67
42.67
42.67
42.67
42.67
42.67
42.67
42.67
42.67
42.67
42.67
42.67
42.67
42.67
42.67
42.67
42.67
42.67
42.67
42.67
42.67
42.67
42.67
42.67
42.67
42.67
42.67
42.67
42.67
42.67
42.67
42.67
42.67
42.67
42.67
42.67
42.67
42.72
54.94
54.93
63.77
64.04
74.99
75.02
94.5
94.46
63.26
63.26
63.26
63.26
63.26
63.26
63.26
63.26
63.26
63.26
63.26
63.26
63.26
63.26
63.26
63.26
63.26
63.26
63.26
63.26
63.26
63.26
63.26
63.26
63.26
63.26
63.26
63.26
63.26
63.26
63.26
63.26
63.26
63.26
63.26
63.26
63.26
63.26
63.26
63.54
74.33
74.38
93.11
93.06
108.13
108.47
124.31
124.4
90.17
90.17
90.17
90.17
90.17
90.17
90.17
90.17
90.17
90.17
90.17
90.17
90.17
90.17
90.17
90.17
90.17
90.17
90.17
90.17
90.17
90.17
90.17
90.17
90.17
90.17
90.17
90.17
90.17
90.17
90.17
90.17
90.17
90.17
90.17
90.17
90.17
90.17
90.17
90.16
104.72
105.19
121.09
121.06
149.38
149.38
169.97
170.42
120.41
120.41
120.41
120.41
120.41
120.41
120.41
120.41
120.41
120.41
120.41
120.41
120.41
120.41
120.41
120.41
120.41
120.41
120.41
120.41
120.41
120.41
120.41
120.41
120.41
120.41
120.41
120.41
120.41
120.41
120.41
120.41
120.41
120.41
120.41
120.41
120.41
120.41
120.4
120.48
148.89
148.71
169.89
170.32
193.42
193.53
230.81
230.62
168.14
168.14
168.14
168.14
168.14
168.14
168.14
168.14
168.14
168.14
168.14
168.14
168.14
168.14
168.14
168.14
168.14
168.14
168.14
168.14
168.14
168.14
168.14
168.14
168.14
168.14
168.14
168.14
168.14
168.14
168.14
168.14
168.14
168.14
168.14
168.14
168.14
168.14
168.12
168.56
192.07
192.15
229.63
229.36
256.88
257.37
283.69
283.6
224.64
224.64
224.64
224.64
224.64
224.64
224.64
224.64
224.64
224.64
224.64
224.64
224.64
224.64
224.64
224.64
224.64
224.64
224.64
224.64
224.64
224.64
224.64
224.64
224.64
224.64
224.64
224.64
224.64
224.64
224.64
224.64
224.64
224.64
224.64
224.64
224.64
224.64
224.62
224.54
252.97
253.52
281.36
281.2
325.93
325.37
354.38
354.69
274.11
274.11
274.11
274.11
274.11
274.11
274.11
274.11
274.11
274.11
274.11
274.11
274.11
274.11
274.11
274.11
274.11
274.11
274.11
274.11
274.11
274.11
274.11
274.11
274.11
274.11
274.11
274.11
274.11
274.11
274.11
274.11
274.11
274.11
274.11
274.11
274.11
274.11
274.03
274.09
321.6
321.14
350.2
350.48
381.53
380.98
423.86
422.86
341.53
341.53
341.53
341.53
341.53
341.53
341.53
341.53
341.53
341.53
341.53
341.53
341.53
341.53
341.53
341.53
341.53
341.53
341.53
341.53
341.53
341.53
341.53
341.53
341.53
341.53
341.53
341.53
341.53
341.53
341.53
341.53
341.53
341.53
341.53
341.53
341.53
341.52
341.38
341.96
375.21
375.02
418.8
418.02
448.5
448.22
471.6
471.01
408.57
408.57
408.57
408.57
408.57
408.57
408.57
408.57
408.57
408.57
408.57
408.57
408.57
408.57
408.57
408.57
408.57
408.57
408.57
408.57
408.57
408.57
408.57
408.57
408.57
408.57
408.57
408.57
408.57
408.57
408.57
408.57
408.57
408.57
408.57
408.57
408.57
408.57
408.27
407.96
441.88
441.8
468.07
467.45
509.98
509.05
529.62
528.84
454.95
454.95
454.95
454.95
454.95
454.95
454.95
454.95
454.95
454.95
454.95
454.95
454.95
454.95
454.95
454.95
454.95
454.95
454.95
454.95
454.95
454.95
454.95
454.95
454.95
454.95
454.95
454.95
454.95
454.95
454.95
454.95
454.95
454.95
454.95
454.95
454.95
454.94
454.25
454.28
501.79
500.62
524.72
524.6
548.83
547.97
576.3
574.68
512.23
512.23
512.23
512.23
512.23
512.23
512.23
512.23
512.23
512.23
512.23
512.23
512.23
512.23
512.23
512.23
512.23
512.23
512.23
512.23
512.23
512.23
512.23
512.23
512.23
512.23
512.23
512.23
512.23
512.23
512.23
512.23
512.23
512.23
512.23
512.23
512.23
512.22
511.15
511.25
540.08
539.48
571.63
570.61
591.02
590.01
599.04
597.59
554.07
554.07
554.07
554.07
554.07
554.07
554.07
554.07
554.07
554.07
554.07
554.07
554.07
554.07
554.07
554.07
554.07
554.07
554.07
554.07
554.07
554.07
554.07
554.07
554.07
554.07
554.07
554.07
554.07
554.07
554.07
554.07
554.07
554.07
554.07
554.07
554.07
554.03
552.41
551.85
579.73
578.93
592.1
591.11
619.06
617.62
624.95
623.68
575.15
575.15
575.15
575.15
575.15
575.15
575.15
575.15
575.15
575.15
575.15
575.15
575.15
575.15
575.15
575.15
575.15
575.15
575.15
575.15
575.15
575.15
575.15
575.15
575.15
575.15
575.15
575.15
575.15
575.15
575.15
575.15
575.15
575.15
575.15
575.15
575.15
575.1
572.67
572.26
607.71
606.47
616.25
615.49
627.28
626.01
640.13
637.89
600.38
600.38
600.38
600.38
600.38
600.38
600.38
600.38
600.38
600.38
600.38
600.38
600.38
600.38
600.38
600.38
600.38
600.38
600.38
600.38
600.38
600.38
600.38
600.38
600.38
600.38
600.38
600.38
600.38
600.38
600.38
600.38
600.38
600.38
600.38
600.38
600.38
600.36
597.34
597.03
618.64
617.32
634.72
633.32
645.2
643.75
641.4
639.47
617.43
617.43
617.43
617.43
617.43
617.43
617.43
617.43
617.43
617.43
617.43
617.43
617.43
617.43
617.43
617.43
617.43
617.43
617.43
617.43
617.43
617.43
617.43
617.43
617.43
617.43
617.43
617.43
617.43
617.43
617.43
617.43
617.43
617.43
617.43
617.43
617.43
617.39
613.68
612.89
632.18
630.83
632.15
630.8
650.94
649.29
647.94
645.82
617.72
617.72
617.72
617.72
617.72
617.72
617.72
617.72
617.72
617.72
617.72
617.72
617.72
617.72
617.72
617.72
617.72
617.72
617.72
617.72
617.72
617.72
617.72
617.72
617.72
617.72
617.72
617.72
617.72
617.72
617.72
617.72
617.72
617.72
617.72
617.72
617.72
617.65
612.93
612.01
639.31
637.69
637.83
636.73
644.29
642.43
649.14
646.84
623.32
623.32
623.32
623.32
623.32
623.32
623.32
623.32
623.32
623.32
623.32
623.32
623.32
623.32
623.32
623.32
623.32
623.32
623.32
623.32
623.32
623.32
623.32
623.32
623.32
623.32
623.32
623.32
623.32
623.32
623.32
623.32
623.32
623.32
623.32
623.32
623.32
623.27
618.13
617.19
629.15
627.11
635.81
634.5
641.39
639.69
631.28
629.42
618.85
618.85
618.85
618.85
618.85
618.85
618.85
618.85
618.85
618.85
618.85
618.85
618.85
618.85
618.85
618.85
618.85
618.85
618.85
618.85
618.85
618.85
618.85
618.85
618.85
618.85
618.85
618.85
618.85
618.85
618.85
618.85
618.85
618.85
618.85
618.85
618.85
618.78
612.61
611.56
624.22
622.39
617.67
616.28
633.73
631.88
626.59
624.4
603.07
603.07
603.07
603.07
603.07
603.07
603.07
603.07
603.07
603.07
603.07
603.07
603.07
603.07
603.07
603.07
603.07
603.07
603.07
603.07
603.07
603.07
603.07
603.07
603.07
603.07
603.07
603.07
603.07
603.07
603.07
603.07
603.07
603.07
603.07
603.07
603.07
602.9
595.16
594.45
617.6
615.81
611.98
611.03
615.24
614.03
617.44
615.2
596.68
596.68
596.68
596.68
596.68
596.68
596.68
596.68
596.68
596.68
596.68
596.68
596.68
596.68
596.68
596.68
596.68
596.68
596.68
596.68
596.68
596.68
596.68
596.68
596.68
596.68
596.68
596.68
596.68
596.68
596.68
596.68
596.68
596.68
596.68
596.68
596.68
596.6
588.71
587.7
596.2
594.66
599.27
598.16
605.39
603.27
594.43
592.65
585.12
585.12
585.12
585.12
585.12
585.12
585.12
585.12
585.12
585.12
585.12
585.12
585.12
585.12
585.12
585.12
585.12
585.12
585.12
585.12
585.12
585.12
585.12
585.12
585.12
585.12
585.12
585.12
585.12
585.12
585.12
585.12
585.12
585.12
585.12
585.12
585.12
585.0
575.86
574.89
586.06
584.44
576.69
576.07
592.83
591.1
585.5
583.59
563.85
563.85
563.85
563.85
563.85
563.85
563.85
563.85
563.85
563.85
563.85
563.85
563.85
563.85
563.85
563.85
563.85
563.85
563.85
563.85
563.85
563.85
563.85
563.85
563.85
563.85
563.85
563.85
563.85
563.85
563.85
563.85
563.85
563.85
563.85
563.85
563.85
563.7
553.68
552.84
573.51
571.49
565.28
564.33
568.36
567.3
570.42
567.87
552.61
552.61
552.61
552.61
552.61
552.61
552.61
552.61
552.61
552.61
552.61
552.61
552.61
552.61
552.61
552.61
552.61
552.61
552.61
552.61
552.61
552.61
552.61
552.61
552.61
552.61
552.61
552.61
552.61
552.61
552.61
552.61
552.61
552.61
552.61
552.61
552.61
552.39
541.86
540.63
547.77
546.46
549.42
548.23
556.49
554.89
546.18
544.27
537.37
537.37
537.37
537.37
537.37
537.37
537.37
537.37
537.37
537.37
537.37
537.37
537.37
537.37
537.37
537.37
537.37
537.37
537.37
537.37
537.37
537.37
537.37
537.37
537.37
537.37
537.37
537.37
537.37
537.37
537.37
537.37
537.37
537.37
537.37
537.37
537.37
537.16
525.59
524.2
532.77
531.0
521.78
521.48
538.27
536.54
531.86
529.89
513.51
513.51
513.51
513.51
513.51
513.51
513.51
513.51
513.51
513.51
513.51
513.51
513.51
513.51
513.51
513.51
513.51
513.51
513.51
513.51
513.51
513.51
513.51
513.51
513.51
513.51
513.51
513.51
513.51
513.51
513.51
513.51
513.51
513.51
513.51
513.51
513.51
513.27
500.53
500.16
516.11
513.73
507.11
506.44
512.65
511.34
512.37
510.05
496.36
496.36
496.36
496.36
496.36
496.36
496.36
496.36
496.36
496.36
496.36
496.36
496.36
496.36
496.36
496.36
496.36
496.36
496.36
496.36
496.36
496.36
496.36
496.36
496.36
496.36
496.36
496.36
496.36
496.36
496.36
496.36
496.36
496.36
496.36
496.36
496.36
496.16
482.38
481.6
488.05
486.24
486.05
485.38
492.75
491.19
483.23
481.43
475.97
475.97
475.97
475.97
475.97
475.97
475.97
475.97
475.97
475.97
475.97
475.97
475.97
475.97
475.97
475.97
475.97
475.97
475.97
475.97
475.97
475.97
475.97
475.97
475.97
475.97
475.97
475.97
475.97
475.97
475.97
475.97
475.97
475.97
475.97
475.97
475.97
475.83
462.76
461.8
467.99
466.14
456.51
456.36
474.69
472.88
466.71
464.59
449.7
449.7
449.7
449.7
449.7
449.7
449.7
449.7
449.7
449.7
449.7
449.7
449.7
449.7
449.7
449.7
449.7
449.7
449.7
449.7
449.7
449.7
449.7
449.7
449.7
449.7
449.7
449.7
449.7
449.7
449.7
449.7
449.7
449.7
449.7
449.7
449.7
449.5
435.69
435.33
448.99
446.71
438.67
438.38
447.02
446.07
448.63
446.22
432.38
432.38
432.38
432.38
432.38
432.38
432.38
432.38
432.38
432.38
432.38
432.38
432.38
432.38
432.38
432.38
432.38
432.38
432.38
432.38
432.38
432.38
432.38
432.38
432.38
432.38
432.38
432.38
432.38
432.38
432.38
432.38
432.38
432.38
432.38
432.38
432.38
432.26
418.23
417.58
421.77
420.63
418.8
418.16
427.47
426.4
420.26
418.48
412.6
412.6
412.6
412.6
412.6
412.6
412.6
412.6
412.6
412.6
412.6
412.6
412.6
412.6
412.6
412.6
412.6
412.6
412.6
412.6
412.6
412.6
412.6
412.6
412.6
412.6
412.6
412.6
412.6
412.6
412.6
412.6
412.6
412.6
412.6
412.6
412.6
412.41
398.02
397.27
402.24
400.4
389.17
389.2
407.93
406.08
402.73
400.48
384.08
384.08
384.08
384.08
384.08
384.08
384.08
384.08
384.08
384.08
384.08
384.08
384.08
384.08
384.08
384.08
384.08
384.08
384.08
384.08
384.08
384.08
384.08
384.08
384.08
384.08
384.08
384.08
384.08
384.08
384.08
384.08
384.08
384.08
384.08
384.08
384.08
383.77
369.55
368.99
380.52
378.52
368.24
368.24
378.83
377.99
382.24
380.22
368.1
368.1
368.1
368.1
368.1
368.1
368.1
368.1
368.1
368.1
368.1
368.1
368.1
368.1
368.1
368.1
368.1
368.1
368.1
368.1
368.1
368.1
368.1
368.1
368.1
368.1
368.1
368.1
368.1
368.1
368.1
368.1
368.1
368.1
368.1
368.1
368.1
367.86
352.15
351.7
356.35
354.93
351.5
351.4
360.24
359.04
357.24
355.59
349.92
349.92
349.92
349.92
349.92
349.92
349.92
349.92
349.92
349.92
349.92
349.92
349.92
349.92
349.92
349.92
349.92
349.92
349.92
349.92
349.92
349.92
349.92
349.92
349.92
349.92
349.92
349.92
349.92
349.92
349.92
349.92
349.92
349.92
349.92
349.92
349.92
349.57
334.45
333.52
337.56
336.58
326.9
327.07
343.08
341.87
339.71
338.3
324.4
324.4
324.4
324.4
324.4
324.4
324.4
324.4
324.4
324.4
324.4
324.4
324.4
324.4
324.4
324.4
324.4
324.4
324.4
324.4
324.4
324.4
324.4
324.4
324.4
324.4
324.4
324.4
324.4
324.4
324.4
324.4
324.4
324.4
324.4
324.4
324.4
324.03
308.54
308.25
319.72
317.77
306.07
306.16
315.32
314.55
320.31
318.25
304.7
304.7
304.7
304.7
304.7
304.7
304.7
304.7
304.7
304.7
304.7
304.7
304.7
304.7
304.7
304.7
304.7
304.7
304.7
304.7
304.7
304.7
304.7
304.7
304.7
304.7
304.7
304.7
304.7
304.7
304.7
304.7
304.7
304.7
304.7
304.7
304.7
304.29
289.27
288.57
293.38
292.29
288.26
288.26
297.82
296.92
295.49
294.09
287.16
287.16
287.16
287.16
287.16
287.16
287.16
287.16
287.16
287.16
287.16
287.16
287.16
287.16
287.16
287.16
287.16
287.16
287.16
287.16
287.16
287.16
287.16
287.16
287.16
287.16
287.16
287.16
287.16
287.16
287.16
287.16
287.16
287.16
287.16
287.16
287.16
286.86
271.99
270.96
275.21
274.01
263.54
264.05
278.86
277.85
276.81
275.15
264.0
264.0
264.0
264.0
264.0
264.0
264.0
264.0
264.0
264.0
264.0
264.0
264.0
264.0
264.0
264.0
264.0
264.0
264.0
264.0
264.0
264.0
264.0
264.0
264.0
264.0
264.0
264.0
264.0
264.0
264.0
264.0
264.0
264.0
264.0
264.0
264.0
263.63
249.47
249.23
259.26
257.39
245.06
245.53
254.42
253.65
259.31
257.43
245.52
245.52
245.52
245.52
245.52
245.52
245.52
245.52
245.52
245.52
245.52
245.52
245.52
245.52
245.52
245.52
245.52
245.52
245.52
245.52
245.52
245.52
245.52
245.52
245.52
245.52
245.52
245.52
245.52
245.52
245.52
245.52
245.52
245.52
245.52
245.52
245.52
245.28
231.47
230.85
235.37
234.45
229.72
229.78
238.8
238.34
239.86
239.18
232.79
232.79
232.79
232.79
232.79
232.79
232.79
232.79
232.79
232.79
232.79
232.79
232.79
232.79
232.79
232.79
232.79
232.79
232.79
232.79
232.79
232.79
232.79
232.79
232.79
232.79
232.79
232.79
232.79
232.79
232.79
232.79
232.79
232.79
232.79
232.79
232.79
232.52
219.25
218.59
222.14
220.63
210.77
211.72
225.51
224.63
226.64
225.52
215.05
215.05
215.05
215.05
215.05
215.05
215.05
215.05
215.05
215.05
215.05
215.05
215.05
215.05
215.05
215.05
215.05
215.05
215.05
215.05
215.05
215.05
215.05
215.05
215.05
215.05
215.05
215.05
215.05
215.05
215.05
215.05
215.05
215.05
215.05
215.05
215.05
214.77
201.52
201.67
209.32
208.01
197.71
198.04
208.77
208.59
213.94
212.6
200.46
200.46
200.46
200.46
200.46
200.46
200.46
200.46
200.46
200.46
200.46
200.46
200.46
200.46
200.46
200.46
200.46
200.46
200.46
200.46
200.46
200.46
200.46
200.46
200.46
200.46
200.46
200.46
200.46
200.46
200.46
200.46
200.46
200.46
200.46
200.46
200.46
200.05
186.3
186.05
189.09
188.59
183.08
183.21
192.02
191.59
194.08
193.63
186.69
186.69
186.69
186.69
186.69
186.69
186.69
186.69
186.69
186.69
186.69
186.69
186.69
186.69
186.69
186.69
186.69
186.69
186.69
186.69
186.69
186.69
186.69
186.69
186.69
186.69
186.69
186.69
186.69
186.69
186.69
186.69
186.69
186.69
186.69
186.69
186.69
186.29
174.41
173.93
177.28
176.29
168.66
169.65
182.28
182.11
182.68
181.59
172.59
172.59
172.59
172.59
172.59
172.59
172.59
172.59
172.59
172.59
172.59
172.59
172.59
172.59
172.59
172.59
172.59
172.59
172.59
172.59
172.59
172.59
172.59
172.59
172.59
172.59
172.59
172.59
172.59
172.59
172.59
172.59
172.59
172.59
172.59
172.59
172.59
172.22
160.13
160.6
166.76
165.72
158.01
158.46
166.83
167.25
170.79
170.06
162.1
162.1
162.1
162.1
162.1
162.1
162.1
162.1
162.1
162.1
162.1
162.1
162.1
162.1
162.1
162.1
162.1
162.1
162.1
162.1
162.1
162.1
162.1
162.1
162.1
162.1
162.1
162.1
162.1
162.1
162.1
162.1
162.1
162.1
162.1
162.1
162.1
161.8
150.65
150.34
154.51
154.28
149.47
149.93
158.41
157.79
159.66
159.25
155.39
155.39
155.39
155.39
155.39
155.39
155.39
155.39
155.39
155.39
155.39
155.39
155.39
155.39
155.39
155.39
155.39
155.39
155.39
155.39
155.39
155.39
155.39
155.39
155.39
155.39
155.39
155.39
155.39
155.39
155.39
155.39
155.39
155.39
155.39
155.39
155.39
155.04
143.35
142.98
146.38
145.8
139.49
140.48
152.35
151.97
154.05
153.08
146.06
146.06
146.06
146.06
146.06
146.06
146.06
146.06
146.06
146.06
146.06
146.06
146.06
146.06
146.06
146.06
146.06
146.06
146.06
146.06
146.06
146.06
146.06
146.06
146.06
146.06
146.06
146.06
146.06
146.06
146.06
146.06
146.06
146.06
146.06
146.06
146.06
145.66
134.97
135.4
141.48
140.42
133.9
134.35
143.64
143.93
148.27
147.3
139.04
139.04
139.04
139.04
139.04
139.04
139.04
139.04
139.04
139.04
139.04
139.04
139.04
139.04
139.04
139.04
139.04
139.04
139.04
139.04
139.04
139.04
139.04
139.04
139.04
139.04
139.04
139.04
139.04
139.04
139.04
139.04
139.04
139.04
139.04
139.04
139.04
138.62
127.6
127.61
131.92
131.65
128.03
128.47
135.98
136.11
137.63
137.25
134.34
134.34
134.34
134.34
134.34
134.34
134.34
134.34
134.34
134.34
134.34
134.34
134.34
134.34
134.34
134.34
134.34
134.34
134.34
134.34
134.34
134.34
134.34
134.34
134.34
134.34
134.34
134.34
134.34
134.34
134.34
134.34
134.34
134.34
134.34
134.34
134.34
133.99
123.44
123.12
124.87
124.27
119.13
120.08
131.12
130.79
130.84
130.39
124.63
124.63
124.63
124.63
124.63
124.63
124.63
124.63
124.63
124.63
124.63
124.63
124.63
124.63
124.63
124.63
124.63
124.63
124.63
124.63
124.63
124.63
124.63
124.63
124.63
124.63
124.63
124.63
124.63
124.63
124.63
124.63
124.63
124.63
124.63
124.63
124.63
124.14
114.08
114.26
119.87
119.1
112.48
113.29
120.88
121.45
125.8
124.97
120.2
120.2
120.2
120.2
120.2
120.2
120.2
120.2
120.2
120.2
120.2
120.2
120.2
120.2
120.2
120.2
120.2
120.2
120.2
120.2
120.2
120.2
120.2
120.2
120.2
120.2
120.2
120.2
120.2
120.2
120.2
120.2
120.2
120.2
120.2
120.2
120.2
119.97
110.81
110.98
113.12
112.94
110.83
111.34
118.59
119.0
119.97
119.9
117.0
117.0
117.0
117.0
117.0
117.0
117.0
117.0
117.0
117.0
117.0
117.0
117.0
117.0
117.0
117.0
117.0
117.0
117.0
117.0
117.0
117.0
117.0
117.0
117.0
117.0
117.0
117.0
117.0
117.0
117.0
117.0
117.0
117.0
117.0
117.0
117.0
116.68
107.54
107.57
109.53
109.09
104.28
105.36
116.15
116.18
117.47
117.35
112.09
112.09
112.09
112.09
112.09
112.09
112.09
112.09
112.09
112.09
112.09
112.09
112.09
112.09
112.09
112.09
112.09
112.09
112.09
112.09
112.09
112.09
112.09
112.09
112.09
112.09
112.09
112.09
112.09
112.09
112.09
112.09
112.09
112.09
112.09
112.09
112.09
111.72
102.46
102.99
107.62
107.27
101.82
102.87
110.19
110.57
114.73
114.17
108.87
108.87
108.87
108.87
108.87
108.87
108.87
108.87
108.87
108.87
108.87
108.87
108.87
108.87
108.87
108.87
108.87
108.87
108.87
108.87
108.87
108.87
108.87
108.87
108.87
108.87
108.87
108.87
108.87
108.87
108.87
108.87
108.87
108.87
108.87
108.87
108.87
108.63
100.45
100.77
102.44
102.23
99.29
100.09
107.84
108.17
109.21
109.38
107.05
107.05
107.05
107.05
107.05
107.05
107.05
107.05
107.05
107.05
107.05
107.05
107.05
107.05
107.05
107.05
107.05
107.05
107.05
107.05
107.05
107.05
107.05
107.05
107.05
107.05
107.05
107.05
107.05
107.05
107.05
107.05
107.05
107.05
107.05
107.05
107.05
106.75
98.46
98.77
100.44
99.87
95.05
96.09
105.52
105.8
106.5
105.87
101.59
101.59
101.59
101.59
101.59
101.59
101.59
101.59
101.59
101.59
101.59
101.59
101.59
101.59
101.59
101.59
101.59
101.59
101.59
101.59
101.59
101.59
101.59
101.59
101.59
101.59
101.59
101.59
101.59
101.59
101.59
101.59
101.59
101.59
101.59
101.59
101.59
101.45
93.77
94.24
97.26
96.75
92.23
92.86
100.76
100.95
103.56
103.22
98.57
98.57
98.57
98.57
98.57
98.57
98.57
98.57
98.57
98.57
98.57
98.57
98.57
98.57
98.57
98.57
98.57
98.57
98.57
98.57
98.57
98.57
98.57
98.57
98.57
98.57
98.57
98.57
98.57
98.57
98.57
98.57
98.57
98.57
98.57
98.57
98.57
98.3
90.51
90.65
93.22
93.0
90.74
91.35
97.86
97.97
99.83
99.34
97.53
97.53
97.53
97.53
97.53
97.53
97.53
97.53
97.53
97.53
97.53
97.53
97.53
97.53
97.53
97.53
97.53
97.53
97.53
97.53
97.53
97.53
97.53
97.53
97.53
97.53
97.53
97.53
97.53
97.53
97.53
97.53
97.53
97.53
97.53
97.53
97.53
97.27
89.34
89.63
91.28
90.68
87.85
88.31
97.26
97.66
98.01
97.59
95.7
95.7
95.7
95.7
95.7
95.7
95.7
95.7
95.7
95.7
95.7
95.7
95.7
95.7
95.7
95.7
95.7
95.7
95.7
95.7
95.7
95.7
95.7
95.7
95.7
95.7
95.7
95.7
95.7
95.7
95.7
95.7
95.7
95.7
95.7
95.7
95.7
95.5
87.8
87.82
90.19
90.03
87.4
87.95
95.36
95.6
97.1
97.12
93.14
93.14
93.14
93.14
93.14
93.14
93.14
93.14
93.14
93.14
93.14
93.14
93.14
93.14
93.14
93.14
93.14
93.14
93.14
93.14
93.14
93.14
93.14
93.14
93.14
93.14
93.14
93.14
93.14
93.14
93.14
93.14
93.14
93.14
93.14
93.14
93.14
92.82
85.31
85.1
87.52
87.24
85.67
86.4
93.22
93.18
94.71
94.5
93.17
93.17
93.17
93.17
93.17
93.17
93.17
93.17
93.17
93.17
93.17
93.17
93.17
93.17
93.17
93.17
93.17
93.17
93.17
93.17
93.17
93.17
93.17
93.17
93.17
93.17
93.17
93.17
93.17
93.17
93.17
93.17
93.17
93.17
93.17
93.17
93.17
93.03
86.0
86.38
87.57
87.27
83.93
84.65
92.65
92.83
94.36
94.46
91.03
91.03
91.03
91.03
91.03
91.03
91.03
91.03
91.03
91.03
91.03
91.03
91.03
91.03
91.03
91.03
91.03
91.03
91.03
91.03
91.03
91.03
91.03
91.03
91.03
91.03
91.03
91.03
91.03
91.03
91.03
91.03
91.03
91.03
91.03
91.03
91.03
90.79
83.9
84.32
87.73
87.64
84.77
85.32
92.59
92.8
95.53
95.34
91.24
91.24
91.24
91.24
91.24
91.24
91.24
91.24
91.24
91.24
91.24
91.24
91.24
91.24
91.24
91.24
91.24
91.24
91.24
91.24
91.24
91.24
91.24
91.24
91.24
91.24
91.24
91.24
91.24
91.24
91.24
91.24
91.24
91.24
91.24
91.24
91.24
91.06
83.99
84.23
86.03
85.72
84.57
85.2
92.52
92.73
94.41
94.32
92.32
92.32
92.32
92.32
92.32
92.32
92.32
92.32
92.32
92.32
92.32
92.32
92.32
92.32
92.32
92.32
92.32
92.32
92.32
92.32
92.32
92.32
92.32
92.32
92.32
92.32
92.32
92.32
92.32
92.32
92.32
92.32
92.32
92.32
92.32
92.32
92.32
92.3
85.62
85.66
87.51
87.03
84.1
85.09
93.23
93.52
94.44
94.41
90.37
90.37
90.37
90.37
90.37
90.37
90.37
90.37
90.37
90.37
90.37
90.37
90.37
90.37
90.37
90.37
90.37
90.37
90.37
90.37
90.37
90.37
90.37
90.37
90.37
90.37
90.37
90.37
90.37
90.37
90.37
90.37
90.37
90.37
90.37
90.37
90.37
90.05
83.45
83.63
85.83
85.62
82.8
83.5
90.56
90.98
92.69
92.62
89.22
89.22
89.22
89.22
89.22
89.22
89.22
89.22
89.22
89.22
89.22
89.22
89.22
89.22
89.22
89.22
89.22
89.22
89.22
89.22
89.22
89.22
89.22
89.22
89.22
89.22
89.22
89.22
89.22
89.22
89.22
89.22
89.22
89.22
89.22
89.22
89.22
89.01
82.68
82.98
85.62
85.6
83.34
84.1
91.26
91.44
93.15
93.24
90.52
90.52
90.52
90.52
90.52
90.52
90.52
90.52
90.52
90.52
90.52
90.52
90.52
90.52
90.52
90.52
90.52
90.52
90.52
90.52
90.52
90.52
90.52
90.52
90.52
90.52
90.52
90.52
90.52
90.52
90.52
90.52
90.52
90.52
90.52
90.52
90.52
90.23
83.09
83.36
84.56
84.4
81.13
82.05
90.64
90.9
91.7
91.59
89.31
89.31
89.31
89.31
89.31
89.31
89.31
89.31
89.31
89.31
89.31
89.31
89.31
89.31
89.31
89.31
89.31
89.31
89.31
89.31
89.31
89.31
89.31
89.31
89.31
89.31
89.31
89.31
89.31
89.31
89.31
89.31
89.31
89.31
89.31
89.31
89.31
89.08
82.54
82.93
86.09
85.7
82.06
82.57
89.96
90.37
93.1
92.75
88.93
88.93
88.93
88.93
88.93
88.93
88.93
88.93
88.93
88.93
88.93
88.93
88.93
88.93
88.93
88.93
88.93
88.93
88.93
88.93
88.93
88.93
88.93
88.93
88.93
88.93
88.93
88.93
88.93
88.93
88.93
88.93
88.93
88.93
88.93
88.93
88.93
88.73
82.73
83.01
85.63
85.62
83.11
83.93
91.55
91.57
93.05
93.16
90.63
90.63
90.63
90.63
90.63
90.63
90.63
90.63
90.63
90.63
90.63
90.63
90.63
90.63
90.63
90.63
90.63
90.63
90.63
90.63
90.63
90.63
90.63
90.63
90.63
90.63
90.63
90.63
90.63
90.63
90.63
90.63
90.63
90.63
90.63
90.63
90.63
90.42
83.46
83.66
85.95
85.71
82.0
82.94
90.63
90.82
92.48
92.3
88.4
88.4
88.4
88.4
88.4
88.4
88.4
88.4
88.4
88.4
88.4
88.4
88.4
88.4
88.4
88.4
88.4
88.4
88.4
88.4
88.4
88.4
88.4
88.4
88.4
88.4
88.4
88.4
88.4
88.4
88.4
88.4
88.4
88.4
88.4
88.4
88.4
88.16
81.13
81.63
84.87
84.65
82.4
83.1
90.06
90.56
93.18
92.97
90.63
90.63
90.63
90.63
90.63
90.63
90.63
90.63
90.63
90.63
90.63
90.63
90.63
90.63
90.63
90.63
90.63
90.63
90.63
90.63
90.63
90.63
90.63
90.63
90.63
90.63
90.63
90.63
90.63
90.63
90.63
90.63
90.63
90.63
90.63
90.63
90.63
90.37
83.59
83.8
86.4
86.69
84.23
84.8
92.51
92.96
95.32
95.36
92.73
92.73
92.73
92.73
92.73
92.73
92.73
92.73
92.73
92.73
92.73
92.73
92.73
92.73
92.73
92.73
92.73
92.73
92.73
92.73
92.73
92.73
92.73
92.73
92.73
92.73
92.73
92.73
92.73
92.73
92.73
92.73
92.73
92.73
92.73
92.73
92.73
92.4
84.91
85.13
87.57
87.32
83.87
84.75
91.85
92.08
94.29
94.25
91.41
91.41
91.41
91.41
91.41
91.41
91.41
91.41
91.41
91.41
91.41
91.41
91.41
91.41
91.41
91.41
91.41
91.41
91.41
91.41
91.41
91.41
91.41
91.41
91.41
91.41
91.41
91.41
91.41
91.41
91.41
91.41
91.41
91.41
91.41
91.41
91.41
91.19
83.99
84.16
86.22
86.04
83.69
84.29
91.15
91.28
93.41
93.39
90.98
90.98
90.98
90.98
90.98
90.98
90.98
90.98
90.98
90.98
90.98
90.98
90.98
90.98
90.98
90.98
90.98
90.98
90.98
90.98
90.98
90.98
90.98
90.98
90.98
90.98
90.98
90.98
90.98
90.98
90.98
90.98
90.98
90.98
90.98
90.98
90.98
90.75
82.81
82.92
85.0
84.64
82.04
83.0
90.57
90.67
91.98
91.76
89.27
89.27
89.27
89.27
89.27
89.27
89.27
89.27
89.27
89.27
89.27
89.27
89.27
89.27
89.27
89.27
89.27
89.27
89.27
89.27
89.27
89.27
89.27
89.27
89.27
89.27
89.27
89.27
89.27
89.27
89.27
89.27
89.27
89.27
89.27
89.27
89.27
89.05
81.98
82.56
85.71
85.3
82.29
82.94
89.28
89.48
92.28
91.93
88.64
88.64
88.64
88.64
88.64
88.64
88.64
88.64
88.64
88.64
88.64
88.64
88.64
88.64
88.64
88.64
88.64
88.64
88.64
88.64
88.64
88.64
88.64
88.64
88.64
88.64
88.64
88.64
88.64
88.64
88.64
88.64
88.64
88.64
88.64
88.64
88.64
88.37
81.32
81.61
84.22
84.31
81.2
81.81
88.58
89.1
91.22
91.22
87.45
87.45
87.45
87.45
87.45
87.45
87.45
87.45
87.45
87.45
87.45
87.45
87.45
87.45
87.45
87.45
87.45
87.45
87.45
87.45
87.45
87.45
87.45
87.45
87.45
87.45
87.45
87.45
87.45
87.45
87.45
87.45
87.45
87.45
87.45
87.45
87.45
87.27
79.89
79.96
82.16
81.93
78.43
79.35
86.68
86.94
88.17
88.17
85.25
85.25
85.25
85.25
85.25
85.25
85.25
85.25
85.25
85.25
85.25
85.25
85.25
85.25
85.25
85.25
85.25
85.25
85.25
85.25
85.25
85.25
85.25
85.25
85.25
85.25
85.25
85.25
85.25
85.25
85.25
85.25
85.25
85.25
85.25
85.25
85.25
85.01
78.3
78.65
81.7
81.28
77.61
78.65
85.85
86.09
88.17
87.96
85.42
85.42
85.42
85.42
85.42
85.42
85.42
85.42
85.42
85.42
85.42
85.42
85.42
85.42
85.42
85.42
85.42
85.42
85.42
85.42
85.42
85.42
85.42
85.42
85.42
85.42
85.42
85.42
85.42
85.42
85.42
85.42
85.42
85.42
85.42
85.42
85.42
85.11
78.32
78.61
80.97
81.12
77.29
77.89
84.3
84.52
86.83
87.32
84.52
84.52
84.52
84.52
84.52
84.52
84.52
84.52
84.52
84.52
84.52
84.52
84.52
84.52
84.52
84.52
84.52
84.52
84.52
84.52
84.52
84.52
84.52
84.52
84.52
84.52
84.52
84.52
84.52
84.52
84.52
84.52
84.52
84.52
84.52
84.52
84.52
84.34
77.93
78.27
80.79
80.91
78.82
79.86
86.88
87.06
88.44
88.43
86.26
86.26
86.26
86.26
86.26
86.26
86.26
86.26
86.26
86.26
86.26
86.26
86.26
86.26
86.26
86.26
86.26
86.26
86.26
86.26
86.26
86.26
86.26
86.26
86.26
86.26
86.26
86.26
86.26
86.26
86.26
86.26
86.26
86.26
86.26
86.26
86.26
85.9
79.39
79.74
82.42
82.46
79.31
80.15
87.78
88.07
90.0
89.81
86.82
86.82
86.82
86.82
86.82
86.82
86.82
86.82
86.82
86.82
86.82
86.82
86.82
86.82
86.82
86.82
86.82
86.82
86.82
86.82
86.82
86.82
86.82
86.82
86.82
86.82
86.82
86.82
86.82
86.82
86.82
86.82
86.82
86.82
86.82
86.82
86.82
86.57
80.22
80.47
82.0
81.92
79.55
80.17
86.52
87.0
88.1
87.98
86.07
86.07
86.07
86.07
86.07
86.07
86.07
86.07
86.07
86.07
86.07
86.07
86.07
86.07
86.07
86.07
86.07
86.07
86.07
86.07
86.07
86.07
86.07
86.07
86.07
86.07
86.07
86.07
86.07
86.07
86.07
86.07
86.07
86.07
86.07
86.07
86.07
85.79
79.23
79.46
81.42
81.2
79.08
79.92
87.39
87.76
89.97
89.69
87.52
87.52
87.52
87.52
87.52
87.52
87.52
87.52
87.52
87.52
87.52
87.52
87.52
87.52
87.52
87.52
87.52
87.52
87.52
87.52
87.52
87.52
87.52
87.52
87.52
87.52
87.52
87.52
87.52
87.52
87.52
87.52
87.52
87.52
87.52
87.52
87.52
87.31
80.12
80.27
83.16
83.21
80.21
80.64
87.83
87.94
89.42
89.37
87.16
87.16
87.16
87.16
87.16
87.16
87.16
87.16
87.16
87.16
87.16
87.16
87.16
87.16
87.16
87.16
87.16
87.16
87.16
87.16
87.16
87.16
87.16
87.16
87.16
87.16
87.16
87.16
87.16
87.16
87.16
87.16
87.16
87.16
87.16
87.16
87.16
86.73
80.45
80.63
82.06
81.72
79.54
80.18
86.96
87.11
88.46
88.42
86.39
86.39
86.39
86.39
86.39
86.39
86.39
86.39
86.39
86.39
86.39
86.39
86.39
86.39
86.39
86.39
86.39
86.39
86.39
86.39
86.39
86.39
86.39
86.39
86.39
86.39
86.39
86.39
86.39
86.39
86.39
86.39
86.39
86.39
86.39
86.39
86.39
86.19
79.23
79.34
81.46
80.98
78.17
78.69
86.12
85.92
87.94
87.71
84.86
84.86
84.86
84.86
84.86
84.86
84.86
84.86
84.86
84.86
84.86
84.86
84.86
84.86
84.86
84.86
84.86
84.86
84.86
84.86
84.86
84.86
84.86
84.86
84.86
84.86
84.86
84.86
84.86
84.86
84.86
84.86
84.86
84.86
84.86
84.86
84.86
84.6
78.26
78.18
79.82
79.51
78.15
78.56
85.77
86.11
87.49
87.54
85.44
85.44
85.44
85.44
85.44
85.44
85.44
85.44
85.44
85.44
85.44
85.44
85.44
85.44
85.44
85.44
85.44
85.44
85.44
85.44
85.44
85.44
85.44
85.44
85.44
85.44
85.44
85.44
85.44
85.44
85.44
85.44
85.44
85.44
85.44
85.44
85.44
85.31
78.49
78.52
80.36
80.45
78.28
78.96
86.69
86.6
86.54
86.63
85.07
85.07
85.07
85.07
85.07
85.07
85.07
85.07
85.07
85.07
85.07
85.07
85.07
85.07
85.07
85.07
85.07
85.07
85.07
85.07
85.07
85.07
85.07
85.07
85.07
85.07
85.07
85.07
85.07
85.07
85.07
85.07
85.07
85.07
85.07
85.07
85.07
84.78
78.28
78.44
81.24
81.04
78.29
79.03
85.78
85.78
87.68
87.55
84.98
84.98
84.98
84.98
84.98
84.98
84.98
84.98
84.98
84.98
84.98
84.98
84.98
84.98
84.98
84.98
84.98
84.98
84.98
84.98
84.98
84.98
84.98
84.98
84.98
84.98
84.98
84.98
84.98
84.98
84.98
84.98
84.98
84.98
84.98
84.98
84.98
84.75
78.12
78.28
79.49
79.14
78.36
78.89
86.36
86.31
87.18
86.81
85.76
85.76
85.76
85.76
85.76
85.76
85.76
85.76
85.76
85.76
85.76
85.76
85.76
85.76
85.76
85.76
85.76
85.76
85.76
85.76
85.76
85.76
85.76
85.76
85.76
85.76
85.76
85.76
85.76
85.76
85.76
85.76
85.76
85.76
85.76
85.76
85.76
85.54
79.5
79.55
81.41
81.23
77.52
77.94
86.5
86.52
88.13
88.24
84.65
84.65
84.65
84.65
84.65
84.65
84.65
84.65
84.65
84.65
84.65
84.65
84.65
84.65
84.65
84.65
84.65
84.65
84.65
84.65
84.65
84.65
84.65
84.65
84.65
84.65
84.65
84.65
84.65
84.65
84.65
84.65
84.65
84.65
84.65
84.65
84.65
84.35
78.24
78.3
80.64
80.32
77.76
78.35
84.79
85.02
86.88
86.78
84.45
84.45
84.45
84.45
84.45
84.45
84.45
84.45
84.45
84.45
84.45
84.45
84.45
84.45
84.45
84.45
84.45
84.45
84.45
84.45
84.45
84.45
84.45
84.45
84.45
84.45
84.45
84.45
84.45
84.45
84.45
84.45
84.45
84.45
84.45
84.45
84.45
84.01
77.14
77.05
79.13
78.92
76.8
77.43
84.79
84.9
86.76
86.65
83.87
83.87
83.87
83.87
83.87
83.87
83.87
83.87
83.87
83.87
83.87
83.87
83.87
83.87
83.87
83.87
83.87
83.87
83.87
83.87
83.87
83.87
83.87
83.87
83.87
83.87
83.87
83.87
83.87
83.87
83.87
83.87
83.87
83.87
83.87
83.87
83.87
83.61
77.19
77.11
79.02
78.91
77.74
78.3
85.11
85.26
86.94
86.91
84.45
84.45
84.45
84.45
84.45
84.45
84.45
84.45
84.45
84.45
84.45
84.45
84.45
84.45
84.45
84.45
84.45
84.45
84.45
84.45
84.45
84.45
84.45
84.45
84.45
84.45
84.45
84.45
84.45
84.45
84.45
84.45
84.45
84.45
84.45
84.45
84.45
84.04
77.65
77.8
80.05
79.55
78.25
78.83
86.34
86.8
87.25
87.12
85.68
85.68
85.68
85.68
85.68
85.68
85.68
85.68
85.68
85.68
85.68
85.68
85.68
85.68
85.68
85.68
85.68
85.68
85.68
85.68
85.68
85.68
85.68
85.68
85.68
85.68
85.68
85.68
85.68
85.68
85.68
85.68
85.68
85.68
85.68
85.68
85.68
85.37
79.1
79.37
80.84
80.84
78.53
79.01
86.76
86.78
87.98
88.03
85.38
85.38
85.38
85.38
85.38
85.38
85.38
85.38
85.38
85.38
85.38
85.38
85.38
85.38
85.38
85.38
85.38
85.38
85.38
85.38
85.38
85.38
85.38
85.38
85.38
85.38
85.38
85.38
85.38
85.38
85.38
85.38
85.38
85.38
85.38
85.38
85.38
85.12
78.61
78.7
81.51
81.78
79.94
80.53
88.05
88.13
89.93
89.94
86.83
86.83
86.83
86.83
86.83
86.83
86.83
86.83
86.83
86.83
86.83
86.83
86.83
86.83
86.83
86.83
86.83
86.83
86.83
86.83
86.83
86.83
86.83
86.83
86.83
86.83
86.83
86.83
86.83
86.83
86.83
86.83
86.83
86.83
86.83
86.83
86.83
86.54
79.87
79.94
80.95
80.78
79.42
80.18
87.52
87.73
89.34
88.84
86.91
86.91
86.91
86.91
86.91
86.91
86.91
86.91
86.91
86.91
86.91
86.91
86.91
86.91
86.91
86.91
86.91
86.91
86.91
86.91
86.91
86.91
86.91
86.91
86.91
86.91
86.91
86.91
86.91
86.91
86.91
86.91
86.91
86.91
86.91
86.91
86.91
86.59
80.22
80.78
82.28
82.02
79.52
79.99
88.29
88.68
89.08
88.83
85.8
85.8
85.8
85.8
85.8
85.8
85.8
85.8
85.8
85.8
85.8
85.8
85.8
85.8
85.8
85.8
85.8
85.8
85.8
85.8
85.8
85.8
85.8
85.8
85.8
85.8
85.8
85.8
85.8
85.8
85.8
85.8
85.8
85.8
85.8
85.8
85.8
85.47
78.47
78.56
81.45
81.16
78.89
79.45
86.82
86.94
88.96
88.85
87.07
87.07
87.07
87.07
87.07
87.07
87.07
87.07
87.07
87.07
87.07
87.07
87.07
87.07
87.07
87.07
87.07
87.07
87.07
87.07
87.07
87.07
87.07
87.07
87.07
87.07
87.07
87.07
87.07
87.07
87.07
87.07
87.07
87.07
87.07
87.07
87.07
86.83
80.73
80.66
82.21
81.76
79.99
80.7
88.59
88.75
90.32
90.06
88.84
88.84
88.84
88.84
88.84
88.84
88.84
88.84
88.84
88.84
88.84
88.84
88.84
88.84
88.84
88.84
88.84
88.84
88.84
88.84
88.84
88.84
88.84
88.84
88.84
88.84
88.84
88.84
88.84
88.84
88.84
88.84
88.84
88.84
88.84
88.84
88.84
88.61
82.11
82.51
85.09
84.91
82.24
82.88
90.05
90.42
92.22
91.92
89.79
89.79
89.79
89.79
89.79
89.79
89.79
89.79
89.79
89.79
89.79
89.79
89.79
89.79
89.79
89.79
89.79
89.79
89.79
89.79
89.79
89.79
89.79
89.79
89.79
89.79
89.79
89.79
89.79
89.79
89.79
89.79
89.79
89.79
89.79
89.79
89.79
89.52
82.6
82.59
85.28
85.16
82.39
83.16
90.23
90.34
91.98
91.8
89.47
89.47
89.47
89.47
89.47
89.47
89.47
89.47
89.47
89.47
89.47
89.47
89.47
89.47
89.47
89.47
89.47
89.47
89.47
89.47
89.47
89.47
89.47
89.47
89.47
89.47
89.47
89.47
89.47
89.47
89.47
89.47
89.47
89.47
89.47
89.47
89.47
89.19
82.44
82.77
84.65
84.08
82.2
82.94
90.34
90.65
92.33
91.59
89.8
89.8
89.8
89.8
89.8
89.8
89.8
89.8
89.8
89.8
89.8
89.8
89.8
89.8
89.8
89.8
89.8
89.8
89.8
89.8
89.8
89.8
89.8
89.8
89.8
89.8
89.8
89.8
89.8
89.8
89.8
89.8
89.8
89.8
89.8
89.8
89.8
89.54
82.89
83.06
85.95
85.74
83.19
83.87
90.44
90.71
93.24
93.15
91.52
91.52
91.52
91.52
91.52
91.52
91.52
91.52
91.52
91.52
91.52
91.52
91.52
91.52
91.52
91.52
91.52
91.52
91.52
91.52
91.52
91.52
91.52
91.52
91.52
91.52
91.52
91.52
91.52
91.52
91.52
91.52
91.52
91.52
91.52
91.52
91.52
91.29
83.91
83.89
84.84
84.5
82.44
83.23
90.5
90.58
92.44
92.52
90.25
90.25
90.25
90.25
90.25
90.25
90.25
90.25
90.25
90.25
90.25
90.25
90.25
90.25
90.25
90.25
90.25
90.25
90.25
90.25
90.25
90.25
90.25
90.25
90.25
90.25
90.25
90.25
90.25
90.25
90.25
90.25
90.25
90.25
90.25
90.25
90.25
89.83
82.43
82.8
86.45
86.11
82.75
83.5
90.67
90.98
93.75
93.28
91.61
91.61
91.61
91.61
91.61
91.61
91.61
91.61
91.61
91.61
91.61
91.61
91.61
91.61
91.61
91.61
91.61
91.61
91.61
91.61
91.61
91.61
91.61
91.61
91.61
91.61
91.61
91.61
91.61
91.61
91.61
91.61
91.61
91.61
91.61
91.61
91.61
91.24
83.04
83.29
84.81
84.47
82.93
83.47
90.7
90.73
92.52
91.86
89.76
89.76
89.76
89.76
89.76
89.76
89.76
89.76
89.76
89.76
89.76
89.76
89.76
89.76
89.76
89.76
89.76
89.76
89.76
89.76
89.76
89.76
89.76
89.76
89.76
89.76
89.76
89.76
89.76
89.76
89.76
89.76
89.76
89.76
89.76
89.76
89.76
89.34
82.3
82.58
83.93
83.57
80.83
81.37
88.16
88.19
89.71
89.74
87.74
87.74
87.74
87.74
87.74
87.74
87.74
87.74
87.74
87.74
87.74
87.74
87.74
87.74
87.74
87.74
87.74
87.74
87.74
87.74
87.74
87.74
87.74
87.74
87.74
87.74
87.74
87.74
87.74
87.74
87.74
87.74
87.74
87.74
87.74
87.74
87.74
87.21
80.5
80.88
83.3
82.99
80.84
81.36
88.11
88.38
90.31
89.93
87.57
87.57
87.57
87.57
87.57
87.57
87.57
87.57
87.57
87.57
87.57
87.57
87.57
87.57
87.57
87.57
87.57
87.57
87.57
87.57
87.57
87.57
87.57
87.57
87.57
87.57
87.57
87.57
87.57
87.57
87.57
87.57
87.57
87.57
87.57
87.57
87.57
87.22
80.19
80.44
82.97
82.61
80.82
81.31
87.31
87.46
90.33
89.76
88.34
88.34
88.34
88.34
88.34
88.34
88.34
88.34
88.34
88.34
88.34
88.34
88.34
88.34
88.34
88.34
88.34
88.34
88.34
88.34
88.34
88.34
88.34
88.34
88.34
88.34
88.34
88.34
88.34
88.34
88.34
88.34
88.34
88.34
88.34
88.34
88.34
87.92
79.97
79.95
81.9
81.88
80.63
81.22
86.97
87.46
88.94
88.72
87.24
87.24
87.24
87.24
87.24
87.24
87.24
87.24
87.24
87.24
87.24
87.24
87.24
87.24
87.24
87.24
87.24
87.24
87.24
87.24
87.24
87.24
87.24
87.24
87.24
87.24
87.24
87.24
87.24
87.24
87.24
87.24
87.24
87.24
87.24
87.24
87.24
86.77
79.24
79.57
82.43
82.06
79.86
80.48
86.95
87.19
89.11
88.84
87.58
87.58
87.58
87.58
87.58
87.58
87.58
87.58
87.58
87.58
87.58
87.58
87.58
87.58
87.58
87.58
87.58
87.58
87.58
87.58
87.58
87.58
87.58
87.58
87.58
87.58
87.58
87.58
87.58
87.58
87.58
87.58
87.58
87.58
87.58
87.58
87.58
87.24
79.35
79.54
83.0
82.89
80.78
81.57
88.22
88.41
90.55
90.15
87.99
87.99
87.99
87.99
87.99
87.99
87.99
87.99
87.99
87.99
87.99
87.99
87.99
87.99
87.99
87.99
87.99
87.99
87.99
87.99
87.99
87.99
87.99
87.99
87.99
87.99
87.99
87.99
87.99
87.99
87.99
87.99
87.99
87.99
87.99
87.99
87.99
87.54
79.93
79.96
81.21
80.97
79.99
80.65
87.46
87.67
88.87
88.82
87.83
87.83
87.83
87.83
87.83
87.83
87.83
87.83
87.83
87.83
87.83
87.83
87.83
87.83
87.83
87.83
87.83
87.83
87.83
87.83
87.83
87.83
87.83
87.83
87.83
87.83
87.83
87.83
87.83
87.83
87.83
87.83
87.83
87.83
87.83
87.83
87.83
87.46
80.48
80.78
82.97
82.68
79.94
80.54
87.07
87.49
89.48
89.18
88.1
88.1
88.1
88.1
88.1
88.1
88.1
88.1
88.1
88.1
88.1
88.1
88.1
88.1
88.1
88.1
88.1
88.1
88.1
88.1
88.1
88.1
88.1
88.1
88.1
88.1
88.1
88.1
88.1
88.1
88.1
88.1
88.1
88.1
88.1
88.1
88.1
87.83
79.9
79.79
82.25
82.07
80.32
80.76
86.36
86.42
88.69
88.45
86.94
86.94
86.94
86.94
86.94
86.94
86.94
86.94
86.94
86.94
86.94
86.94
86.94
86.94
86.94
86.94
86.94
86.94
86.94
86.94
86.94
86.94
86.94
86.94
86.94
86.94
86.94
86.94
86.94
86.94
86.94
86.94
86.94
86.94
86.94
86.94
86.94
86.64
79.28
79.3
81.23
80.77
79.93
80.67
87.78
87.89
89.02
88.5
87.13
87.13
87.13
87.13
87.13
87.13
87.13
87.13
87.13
87.13
87.13
87.13
87.13
87.13
87.13
87.13
87.13
87.13
87.13
87.13
87.13
87.13
87.13
87.13
87.13
87.13
87.13
87.13
87.13
87.13
87.13
87.13
87.13
87.13
87.13
87.13
87.13
86.62
79.56
80.09
82.5
82.42
79.85
80.39
87.54
87.79
89.27
88.8
85.1
85.1
85.1
85.1
85.1
85.1
85.1
85.1
85.1
85.1
85.1
85.1
85.1
85.1
85.1
85.1
85.1
85.1
85.1
85.1
85.1
85.1
85.1
85.1
85.1
85.1
85.1
85.1
85.1
85.1
85.1
85.1
85.1
85.1
85.1
85.1
85.1
84.73
77.5
77.59
81.95
81.87
80.13
80.63
86.22
86.2
89.66
89.76
86.35
86.35
86.35
86.35
86.35
86.35
86.35
86.35
86.35
86.35
86.35
86.35
86.35
86.35
86.35
86.35
86.35
86.35
86.35
86.35
86.35
86.35
86.35
86.35
86.35
86.35
86.35
86.35
86.35
86.35
86.35
86.35
86.35
86.35
86.35
86.35
86.35
85.97
79.37
79.21
80.48
80.25
78.87
79.56
86.42
86.43
88.29
87.87
87.81
87.81
87.81
87.81
87.81
87.81
87.81
87.81
87.81
87.81
87.81
87.81
87.81
87.81
87.81
87.81
87.81
87.81
87.81
87.81
87.81
87.81
87.81
87.81
87.81
87.81
87.81
87.81
87.81
87.81
87.81
87.81
87.81
87.81
87.81
87.81
87.81
87.38
80.14
80.3
82.61
82.09
80.14
80.72
88.03
88.31
90.2
89.49
87.56
87.56
87.56
87.56
87.56
87.56
87.56
87.56
87.56
87.56
87.56
87.56
87.56
87.56
87.56
87.56
87.56
87.56
87.56
87.56
87.56
87.56
87.56
87.56
87.56
87.56
87.56
87.56
87.56
87.56
87.56
87.56
87.56
87.56
87.56
87.56
87.56
87.47
80.19
80.3
83.76
83.2
81.13
81.82
88.33
88.08
91.35
90.91
88.57
88.57
88.57
88.57
88.57
88.57
88.57
88.57
88.57
88.57
88.57
88.57
88.57
88.57
88.57
88.57
88.57
88.57
88.57
88.57
88.57
88.57
88.57
88.57
88.57
88.57
88.57
88.57
88.57
88.57
88.57
88.57
88.57
88.57
88.57
88.57
88.57
88.35
81.43
81.52
82.82
82.35
82.27
82.92
89.32
89.29
89.72
89.61
90.3
90.3
90.3
90.3
90.3
90.3
90.3
90.3
90.3
90.3
90.3
90.3
90.3
90.3
90.3
90.3
90.3
90.3
90.3
90.3
90.3
90.3
90.3
90.3
90.3
90.3
90.3
90.3
90.3
90.3
90.3
90.3
90.3
90.3
90.3
90.3
90.3
89.99
82.84
83.08
84.44
84.29
81.41
81.91
89.61
89.78
91.42
91.18
89.49
89.49
89.49
89.49
89.49
89.49
89.49
89.49
89.49
89.49
89.49
89.49
89.49
89.49
89.49
89.49
89.49
89.49
89.49
89.49
89.49
89.49
89.49
89.49
89.49
89.49
89.49
89.49
89.49
89.49
89.49
89.49
89.49
89.49
89.49
89.49
89.49
89.15
81.8
81.79
85.21
84.64
83.21
84.06
90.31
90.29
92.84
92.79
91.07
91.07
91.07
91.07
91.07
91.07
91.07
91.07
91.07
91.07
91.07
91.07
91.07
91.07
91.07
91.07
91.07
91.07
91.07
91.07
91.07
91.07
91.07
91.07
91.07
91.07
91.07
91.07
91.07
91.07
91.07
91.07
91.07
91.07
91.07
91.07
91.07
90.82
83.06
83.11
83.63
83.23
81.83
82.63
89.57
90.03
89.83
89.22
87.51
87.51
87.51
87.51
87.51
87.51
87.51
87.51
87.51
87.51
87.51
87.51
87.51
87.51
87.51
87.51
87.51
87.51
87.51
87.51
87.51
87.51
87.51
87.51
87.51
87.51
87.51
87.51
87.51
87.51
87.51
87.51
87.51
87.51
87.51
87.51
87.51
87.15
80.87
81.12
83.95
83.82
80.41
81.18
88.33
88.41
90.79
90.48
88.05
88.05
88.05
88.05
88.05
88.05
88.05
88.05
88.05
88.05
88.05
88.05
88.05
88.05
88.05
88.05
88.05
88.05
88.05
88.05
88.05
88.05
88.05
88.05
88.05
88.05
88.05
88.05
88.05
88.05
88.05
88.05
88.05
88.05
88.05
88.05
88.05
87.64
80.44
80.55
82.13
81.7
80.34
80.9
86.84
86.8
89.19
89.12
87.13
87.13
87.13
87.13
87.13
87.13
87.13
87.13
87.13
87.13
87.13
87.13
87.13
87.13
87.13
87.13
87.13
87.13
87.13
87.13
87.13
87.13
87.13
87.13
87.13
87.13
87.13
87.13
87.13
87.13
87.13
87.13
87.13
87.13
87.13
87.13
87.13
86.84
80.51
80.65
81.73
81.61
79.56
80.22
88.23
88.63
89.8
89.46
86.95
86.95
86.95
86.95
86.95
86.95
86.95
86.95
86.95
86.95
86.95
86.95
86.95
86.95
86.95
86.95
86.95
86.95
86.95
86.95
86.95
86.95
86.95
86.95
86.95
86.95
86.95
86.95
86.95
86.95
86.95
86.95
86.95
86.95
86.95
86.95
86.95
86.51
79.87
80.17
83.5
83.39
81.27
81.85
88.4
88.39
90.22
90.36
88.48
88.48
88.48
88.48
88.48
88.48
88.48
88.48
88.48
88.48
88.48
88.48
88.48
88.48
88.48
88.48
88.48
88.48
88.48
88.48
88.48
88.48
88.48
88.48
88.48
88.48
88.48
88.48
88.48
88.48
88.48
88.48
88.48
88.48
88.48
88.48
88.48
88.14
80.63
80.74
82.58
82.14
79.47
80.22
87.02
87.03
88.63
88.44
86.12
86.12
86.12
86.12
86.12
86.12
86.12
86.12
86.12
86.12
86.12
86.12
86.12
86.12
86.12
86.12
86.12
86.12
86.12
86.12
86.12
86.12
86.12
86.12
86.12
86.12
86.12
86.12
86.12
86.12
86.12
86.12
86.12
86.12
86.12
86.12
86.12
85.84
79.35
79.28
81.82
81.46
78.43
79.19
85.68
85.68
87.93
87.39
85.0
85.0
85.0
85.0
85.0
85.0
85.0
85.0
85.0
85.0
85.0
85.0
85.0
85.0
85.0
85.0
85.0
85.0
85.0
85.0
85.0
85.0
85.0
85.0
85.0
85.0
85.0
85.0
85.0
85.0
85.0
85.0
85.0
85.0
85.0
85.0
85.0
84.67
78.2
78.36
80.27
80.11
77.97
78.82
85.04
85.29
87.47
87.08
85.5
85.5
85.5
85.5
85.5
85.5
85.5
85.5
85.5
85.5
85.5
85.5
85.5
85.5
85.5
85.5
85.5
85.5
85.5
85.5
85.5
85.5
85.5
85.5
85.5
85.5
85.5
85.5
85.5
85.5
85.5
85.5
85.5
85.5
85.5
85.5
85.5
85.12
78.14
78.34
80.87
80.77
78.78
79.29
86.29
86.55
87.86
87.78
85.44
85.44
85.44
85.44
85.44
85.44
85.44
85.44
85.44
85.44
85.44
85.44
85.44
85.44
85.44
85.44
85.44
85.44
85.44
85.44
85.44
85.44
85.44
85.44
85.44
85.44
85.44
85.44
85.44
85.44
85.44
85.44
85.44
85.44
85.44
85.44
85.44
85.08
78.52
78.79
81.07
80.75
79.27
79.98
86.4
86.78
87.9
87.67
86.09
86.09
86.09
86.09
86.09
86.09
86.09
86.09
86.09
86.09
86.09
86.09
86.09
86.09
86.09
86.09
86.09
86.09
86.09
86.09
86.09
86.09
86.09
86.09
86.09
86.09
86.09
86.09
86.09
86.09
86.09
86.09
86.09
86.09
86.09
86.09
86.09
85.82
79.76
79.73
82.16
82.04
80.75
81.37
88.07
88.18
90.3
90.15
89.04
89.04
89.04
89.04
89.04
89.04
89.04
89.04
89.04
89.04
89.04
89.04
89.04
89.04
89.04
89.04
89.04
89.04
89.04
89.04
89.04
89.04
89.04
89.04
89.04
89.04
89.04
89.04
89.04
89.04
89.04
89.04
89.04
89.04
89.04
89.04
89.04
88.66
81.43
81.46
83.43
82.95
80.57
81.3
88.94
88.9
89.92
89.63
87.59
87.59
87.59
87.59
87.59
87.59
87.59
87.59
87.59
87.59
87.59
87.59
87.59
87.59
87.59
87.59
87.59
87.59
87.59
87.59
87.59
87.59
87.59
87.59
87.59
87.59
87.59
87.59
87.59
87.59
87.59
87.59
87.59
87.59
87.59
87.59
87.59
87.24
80.38
80.83
83.41
82.9
81.21
82.21
88.83
88.96
91.65
91.2
89.16
89.16
89.16
89.16
89.16
89.16
89.16
89.16
89.16
89.16
89.16
89.16
89.16
89.16
89.16
89.16
89.16
89.16
89.16
89.16
89.16
89.16
89.16
89.16
89.16
89.16
89.16
89.16
89.16
89.16
89.16
89.16
89.16
89.16
89.16
89.16
89.16
88.68
82.0
82.47
83.48
83.18
82.22
82.86
90.47
91.21
92.49
92.28
90.07
90.07
90.07
90.07
90.07
90.07
90.07
90.07
90.07
90.07
90.07
90.07
90.07
90.07
90.07
90.07
90.07
90.07
90.07
90.07
90.07
90.07
90.07
90.07
90.07
90.07
90.07
90.07
90.07
90.07
90.07
90.07
90.07
90.07
90.07
90.07
90.07
89.62
82.79
82.87
84.76
84.95
82.81
83.63
90.8
90.9
92.41
92.53
89.63
89.63
89.63
89.63
89.63
89.63
89.63
89.63
89.63
89.63
89.63
89.63
89.63
89.63
89.63
89.63
89.63
89.63
89.63
89.63
89.63
89.63
89.63
89.63
89.63
89.63
89.63
89.63
89.63
89.63
89.63
89.63
89.63
89.63
89.63
89.63
89.63
89.14
82.47
82.62
84.58
84.21
82.19
83.35
90.4
90.67
92.02
91.85
90.27
90.27
90.27
90.27
90.27
90.27
90.27
90.27
90.27
90.27
90.27
90.27
90.27
90.27
90.27
90.27
90.27
90.27
90.27
90.27
90.27
90.27
90.27
90.27
90.27
90.27
90.27
90.27
90.27
90.27
90.27
90.27
90.27
90.27
90.27
90.27
90.27
