0.0
0.0
0.0
0.0
0.0
0.0
0.0
0.0
0.0
0.0
0.0
0.0
0.0
0.0
0.0
0.0
0.0
0.0
0.0
0.0
0.0
0.0
0.0
0.0
0.0
0.0
0.0
0.0
0.0
0.0
0.0
0.0
0.0
0.0
0.0
0.0
0.0
0.0
0.0
0.0
0.0
0.0
0.0
0.0
0.0
0.0
0.0
0.0
0.0
0.0
0.0
0.0
0.0
0.0
0.0
0.0
0.0
0.0
0.0
0.0
0.0
0.0
0.0
0.0
0.0
0.0
0.0
0.0
0.0
0.0
0.0
0.0
0.0
0.0
0.0
0.0
0.0
0.0
0.0
0.0
0.0
0.0
0.0
0.0
0.0
0.0
0.0
0.0
0.0
0.0
0.0
0.0
0.0
0.0
0.0
0.0
0.0
0.0
0.0
0.0
0.0
0.0
0.0
0.0
0.0
0.0
0.0
0.0
0.0
0.0
0.0
0.0
0.0
0.0
0.0
0.0
0.0
0.0
0.0
0.0
0.0
0.0
0.0
0.0
0.0
0.0
0.0
0.0
0.0
0.0
0.0
0.0
0.0
0.0
0.0
0.0
0.0
0.0
0.0
0.0
0.0
0.0
0.0
0.0
0.0
0.0
0.0
0.0
0.0
0.0
0.0
0.0
0.0
0.0
0.0
0.01
0.01
0.01
0.01
0.01
0.01
0.01
0.01
0.01
0.01
0.01
0.01
0.01
0.01
0.01
0.01
0.01
0.01
0.01
0.01
0.01
0.01
0.01
0.01
0.01
0.01
0.01
0.01
0.01
0.01
0.01
0.01
0.01
0.01
0.01
0.01
0.01
0.01
0.01
0.01
0.01
0.01
0.02
0.02
0.02
0.02
0.03
0.03
0.06
0.06
0.06
0.06
0.06
0.06
0.06
0.06
0.06
0.06
0.06
0.06
0.06
0.06
0.06
0.06
0.06
0.06
0.06
0.06
0.06
0.06
0.06
0.06
0.06
0.06
0.06
0.06
0.06
0.06
0.06
0.06
0.06
0.06
0.06
0.06
0.06
0.06
0.06
0.06
0.08
0.08
0.12
0.12
0.12
0.12
0.14
0.14
0.12
0.12
0.12
0.12
0.12
0.12
0.12
0.12
0.12
0.12
0.12
0.12
0.12
0.12
0.12
0.12
0.12
0.12
0.12
0.12
0.12
0.12
0.12
0.12
0.12
0.12
0.12
0.12
0.12
0.12
0.12
0.12
0.12
0.12
0.12
0.12
0.12
0.12
0.12
0.12
0.15
0.15
0.25
0.25
0.25
0.25
0.32
0.32
0.31
0.31
0.31
0.31
0.31
0.31
0.31
0.31
0.31
0.31
0.31
0.31
0.31
0.31
0.31
0.31
0.31
0.31
0.31
0.31
0.31
0.31
0.31
0.31
0.31
0.31
0.31
0.31
0.31
0.31
0.31
0.31
0.31
0.31
0.31
0.31
0.31
0.31
0.31
0.31
0.38
0.38
0.55
0.55
0.53
0.53
0.67
0.67
0.58
0.58
0.58
0.58
0.58
0.58
0.58
0.58
0.58
0.58
0.58
0.58
0.58
0.58
0.58
0.58
0.58
0.58
0.58
0.58
0.58
0.58
0.58
0.58
0.58
0.58
0.58
0.58
0.58
0.58
0.58
0.58
0.58
0.58
0.58
0.58
0.58
0.58
0.58
0.58
0.7
0.7
1.07
1.07
1.09
1.09
1.28
1.29
1.07
1.07
1.07
1.07
1.07
1.07
1.07
1.07
1.07
1.07
1.07
1.07
1.07
1.07
1.07
1.07
1.07
1.07
1.07
1.07
1.07
1.07
1.07
1.07
1.07
1.07
1.07
1.07
1.07
1.07
1.07
1.07
1.07
1.07
1.07
1.07
1.07
1.07
1.08
1.08
1.25
1.25
1.89
1.89
1.91
1.91
2.17
2.17
2.03
2.03
2.03
2.03
2.03
2.03
2.03
2.03
2.03
2.03
2.03
2.03
2.03
2.03
2.03
2.03
2.03
2.03
2.03
2.03
2.03
2.03
2.03
2.03
2.03
2.03
2.03
2.03
2.03
2.03
2.03
2.03
2.03
2.03
2.03
2.03
2.03
2.03
2.08
2.08
2.43
2.43
3.57
3.57
3.54
3.53
4.08
4.09
3.36
3.36
3.36
3.36
3.36
3.36
3.36
3.36
3.36
3.36
3.36
3.36
3.36
3.36
3.36
3.36
3.36
3.36
3.36
3.36
3.36
3.36
3.36
3.36
3.36
3.36
3.36
3.36
3.36
3.36
3.36
3.36
3.36
3.36
3.36
3.36
3.36
3.36
3.42
3.42
3.86
3.88
5.59
5.57
5.46
5.46
5.99
6.03
5.55
5.55
5.55
5.55
5.55
5.55
5.55
5.55
5.55
5.55
5.55
5.55
5.55
5.55
5.55
5.55
5.55
5.55
5.55
5.55
5.55
5.55
5.55
5.55
5.55
5.55
5.55
5.55
5.55
5.55
5.55
5.55
5.55
5.55
5.55
5.55
5.55
5.55
5.68
5.65
6.31
6.35
8.51
8.5
8.29
8.26
9.03
9.1
8.52
8.52
8.52
8.52
8.52
8.52
8.52
8.52
8.52
8.52
8.52
8.52
8.52
8.52
8.52
8.52
8.52
8.52
8.52
8.52
8.52
8.52
8.52
8.52
8.52
8.52
8.52
8.52
8.52
8.52
8.52
8.52
8.52
8.52
8.52
8.52
8.52
8.52
8.82
8.81
9.83
9.88
13.14
13.14
12.47
12.44
13.34
13.37
12.98
12.98
12.98
12.98
12.98
12.98
12.98
12.98
12.98
12.98
12.98
12.98
12.98
12.98
12.98
12.98
12.98
12.98
12.98
12.98
12.98
12.98
12.98
12.98
12.98
12.98
12.98
12.98
12.98
12.98
12.98
12.98
12.98
12.98
12.98
12.98
12.98
12.98
13.42
13.42
14.43
14.49
19.11
19.04
18.28
18.28
18.59
18.68
18.88
18.88
18.88
18.88
18.88
18.88
18.88
18.88
18.88
18.88
18.88
18.88
18.88
18.88
18.88
18.88
18.88
18.88
18.88
18.88
18.88
18.88
18.88
18.88
18.88
18.88
18.88
18.88
18.88
18.88
18.88
18.88
18.88
18.88
18.88
18.88
18.88
18.88
19.54
19.47
20.68
20.75
25.22
25.15
24.84
24.69
25.4
25.52
25.04
25.04
25.04
25.04
25.04
25.04
25.04
25.04
25.04
25.04
25.04
25.04
25.04
25.04
25.04
25.04
25.04
25.04
25.04
25.04
25.04
25.04
25.04
25.04
25.04
25.04
25.04
25.04
25.04
25.04
25.04
25.04
25.04
25.04
25.04
25.04
25.04
25.04
26.31
26.27
28.25
28.26
34.42
34.37
31.44
31.38
32.47
32.61
33.96
33.96
33.96
33.96
33.96
33.96
33.96
33.96
33.96
33.96
33.96
33.96
33.96
33.96
33.96
33.96
33.96
33.96
33.96
33.96
33.96
33.96
33.96
33.96
33.96
33.96
33.96
33.96
33.96
33.96
33.96
33.96
33.96
33.96
33.96
33.96
33.96
33.97
36.01
36.03
36.19
36.33
44.06
43.87
42.2
42.11
40.31
40.43
43.11
43.11
43.11
43.11
43.11
43.11
43.11
43.11
43.11
43.11
43.11
43.11
43.11
43.11
43.11
43.11
43.11
43.11
43.11
43.11
43.11
43.11
43.11
43.11
43.11
43.11
43.11
43.11
43.11
43.11
43.11
43.11
43.11
43.11
43.11
43.11
43.11
43.12
45.52
45.39
46.87
46.93
52.06
51.9
49.89
49.77
50.26
50.18
50.94
50.94
50.94
50.94
50.94
50.94
50.94
50.94
50.94
50.94
50.94
50.94
50.94
50.94
50.94
50.94
50.94
50.94
50.94
50.94
50.94
50.94
50.94
50.94
50.94
50.94
50.94
50.94
50.94
50.94
50.94
50.94
50.94
50.94
50.94
50.94
50.94
50.98
54.26
54.19
55.8
55.76
65.4
65.22
59.11
58.98
59.5
59.5
64.36
64.36
64.36
64.36
64.36
64.36
64.36
64.36
64.36
64.36
64.36
64.36
64.36
64.36
64.36
64.36
64.36
64.36
64.36
64.36
64.36
64.36
64.36
64.36
64.36
64.36
64.36
64.36
64.36
64.36
64.36
64.36
64.36
64.36
64.36
64.36
64.36
64.42
68.42
68.34
67.05
67.09
76.53
76.32
73.76
73.48
69.05
69.23
75.41
75.41
75.41
75.41
75.41
75.41
75.41
75.41
75.41
75.41
75.41
75.41
75.41
75.41
75.41
75.41
75.41
75.41
75.41
75.41
75.41
75.41
75.41
75.41
75.41
75.41
75.41
75.41
75.41
75.41
75.41
75.41
75.41
75.41
75.41
75.41
75.41
75.43
80.16
80.06
82.15
82.24
88.59
88.39
83.87
83.72
83.91
84.0
85.91
85.91
85.91
85.91
85.91
85.91
85.91
85.91
85.91
85.91
85.91
85.91
85.91
85.91
85.91
85.91
85.91
85.91
85.91
85.91
85.91
85.91
85.91
85.91
85.91
85.91
85.91
85.91
85.91
85.91
85.91
85.91
85.91
85.91
85.91
85.91
85.91
85.97
91.47
91.38
93.51
93.68
105.47
105.09
95.98
95.97
95.07
95.23
104.13
104.13
104.13
104.13
104.13
104.13
104.13
104.13
104.13
104.13
104.13
104.13
104.13
104.13
104.13
104.13
104.13
104.13
104.13
104.13
104.13
104.13
104.13
104.13
104.13
104.13
104.13
104.13
104.13
104.13
104.13
104.13
104.13
104.13
104.13
104.13
104.13
104.17
110.45
110.35
107.14
107.5
119.72
119.46
114.43
114.2
107.99
108.17
115.94
115.94
115.94
115.94
115.94
115.94
115.94
115.94
115.94
115.94
115.94
115.94
115.94
115.94
115.94
115.94
115.94
115.94
115.94
115.94
115.94
115.94
115.94
115.94
115.94
115.94
115.94
115.94
115.94
115.94
115.94
115.94
115.94
115.94
115.94
115.94
115.94
115.99
122.66
122.68
126.27
126.46
132.93
132.63
126.17
126.12
126.59
126.54
129.96
129.96
129.96
129.96
129.96
129.96
129.96
129.96
129.96
129.96
129.96
129.96
129.96
129.96
129.96
129.96
129.96
129.96
129.96
129.96
129.96
129.96
129.96
129.96
129.96
129.96
129.96
129.96
129.96
129.96
129.96
129.96
129.96
129.96
129.96
129.96
129.96
129.99
137.7
137.79
140.37
140.67
154.7
154.21
141.42
141.3
140.5
140.51
151.89
151.89
151.89
151.89
151.89
151.89
151.89
151.89
151.89
151.89
151.89
151.89
151.89
151.89
151.89
151.89
151.89
151.89
151.89
151.89
151.89
151.89
151.89
151.89
151.89
151.89
151.89
151.89
151.89
151.89
151.89
151.89
151.89
151.89
151.89
151.89
151.89
151.88
161.34
161.21
156.33
156.41
169.47
168.85
164.25
163.73
156.46
156.48
165.59
165.59
165.59
165.59
165.59
165.59
165.59
165.59
165.59
165.59
165.59
165.59
165.59
165.59
165.59
165.59
165.59
165.59
165.59
165.59
165.59
165.59
165.59
165.59
165.59
165.59
165.59
165.59
165.59
165.59
165.59
165.59
165.59
165.59
165.59
165.59
165.59
165.51
175.18
175.2
180.04
179.87
186.57
186.06
178.48
178.17
179.19
178.78
182.72
182.72
182.72
182.72
182.72
182.72
182.72
182.72
182.72
182.72
182.72
182.72
182.72
182.72
182.72
182.72
182.72
182.72
182.72
182.72
182.72
182.72
182.72
182.72
182.72
182.72
182.72
182.72
182.72
182.72
182.72
182.72
182.72
182.72
182.72
182.72
182.72
182.69
193.9
193.87
196.33
196.46
211.99
210.75
196.26
195.81
194.56
194.62
207.07
207.07
207.07
207.07
207.07
207.07
207.07
207.07
207.07
207.07
207.07
207.07
207.07
207.07
207.07
207.07
207.07
207.07
207.07
207.07
207.07
207.07
207.07
207.07
207.07
207.07
207.07
207.07
207.07
207.07
207.07
207.07
207.07
207.07
207.07
207.07
207.07
207.04
219.24
218.95
214.66
214.65
227.53
226.82
220.82
220.26
212.11
212.15
222.11
222.11
222.11
222.11
222.11
222.11
222.11
222.11
222.11
222.11
222.11
222.11
222.11
222.11
222.11
222.11
222.11
222.11
222.11
222.11
222.11
222.11
222.11
222.11
222.11
222.11
222.11
222.11
222.11
222.11
222.11
222.11
222.11
222.11
222.11
222.11
222.11
222.17
234.64
234.68
240.77
240.15
245.87
245.15
235.7
235.72
238.1
237.5
241.16
241.16
241.16
241.16
241.16
241.16
241.16
241.16
241.16
241.16
241.16
241.16
241.16
241.16
241.16
241.16
241.16
241.16
241.16
241.16
241.16
241.16
241.16
241.16
241.16
241.16
241.16
241.16
241.16
241.16
241.16
241.16
241.16
241.16
241.16
241.16
241.16
241.16
254.91
254.96
258.1
258.24
275.08
273.54
258.18
257.94
255.7
255.64
267.95
267.95
267.95
267.95
267.95
267.95
267.95
267.95
267.95
267.95
267.95
267.95
267.95
267.95
267.95
267.95
267.95
267.95
267.95
267.95
267.95
267.95
267.95
267.95
267.95
267.95
267.95
267.95
267.95
267.95
267.95
267.95
267.95
267.95
267.95
267.95
267.95
267.91
282.95
282.32
279.82
280.11
293.15
291.91
284.04
283.36
276.04
276.22
286.14
286.14
286.14
286.14
286.14
286.14
286.14
286.14
286.14
286.14
286.14
286.14
286.14
286.14
286.14
286.14
286.14
286.14
286.14
286.14
286.14
286.14
286.14
286.14
286.14
286.14
286.14
286.14
286.14
286.14
286.14
286.14
286.14
286.14
286.14
286.14
286.14
286.06
302.71
302.54
307.69
307.44
316.73
315.91
305.56
305.21
305.77
305.26
309.69
309.69
309.69
309.69
309.69
309.69
309.69
309.69
309.69
309.69
309.69
309.69
309.69
309.69
309.69
309.69
309.69
309.69
309.69
309.69
309.69
309.69
309.69
309.69
309.69
309.69
309.69
309.69
309.69
309.69
309.69
309.69
309.69
309.69
309.69
309.69
309.69
309.56
325.64
325.59
331.19
330.99
347.21
345.53
327.43
327.21
326.86
326.7
339.11
339.11
339.11
339.11
339.11
339.11
339.11
339.11
339.11
339.11
339.11
339.11
339.11
339.11
339.11
339.11
339.11
339.11
339.11
339.11
339.11
339.11
339.11
339.11
339.11
339.11
339.11
339.11
339.11
339.11
339.11
339.11
339.11
339.11
339.11
339.11
339.11
339.06
356.3
355.5
354.33
354.37
370.29
368.74
357.51
356.85
348.47
348.39
360.99
360.99
360.99
360.99
360.99
360.99
360.99
360.99
360.99
360.99
360.99
360.99
360.99
360.99
360.99
360.99
360.99
360.99
360.99
360.99
360.99
360.99
360.99
360.99
360.99
360.99
360.99
360.99
360.99
360.99
360.99
360.99
360.99
360.99
360.99
360.99
360.99
360.87
377.8
377.38
384.17
383.49
392.19
391.12
379.12
377.95
377.95
377.38
383.88
383.88
383.88
383.88
383.88
383.88
383.88
383.88
383.88
383.88
383.88
383.88
383.88
383.88
383.88
383.88
383.88
383.88
383.88
383.88
383.88
383.88
383.88
383.88
383.88
383.88
383.88
383.88
383.88
383.88
383.88
383.88
383.88
383.88
383.88
383.88
383.88
383.87
400.99
400.68
405.27
404.76
422.55
420.63
400.83
400.6
398.54
398.1
413.17
413.17
413.17
413.17
413.17
413.17
413.17
413.17
413.17
413.17
413.17
413.17
413.17
413.17
413.17
413.17
413.17
413.17
413.17
413.17
413.17
413.17
413.17
413.17
413.17
413.17
413.17
413.17
413.17
413.17
413.17
413.17
413.17
413.17
413.17
413.17
413.17
413.09
430.95
429.92
428.38
428.31
444.84
443.28
431.25
430.2
421.44
421.04
432.58
432.58
432.58
432.58
432.58
432.58
432.58
432.58
432.58
432.58
432.58
432.58
432.58
432.58
432.58
432.58
432.58
432.58
432.58
432.58
432.58
432.58
432.58
432.58
432.58
432.58
432.58
432.58
432.58
432.58
432.58
432.58
432.58
432.58
432.58
432.58
432.58
432.44
451.41
450.88
455.87
454.83
464.84
463.9
451.75
450.39
446.89
445.9
452.74
452.74
452.74
452.74
452.74
452.74
452.74
452.74
452.74
452.74
452.74
452.74
452.74
452.74
452.74
452.74
452.74
452.74
452.74
452.74
452.74
452.74
452.74
452.74
452.74
452.74
452.74
452.74
452.74
452.74
452.74
452.74
452.74
452.74
452.74
452.74
452.74
452.72
471.6
471.43
476.47
475.85
491.72
490.02
472.38
471.43
468.24
467.23
480.28
480.28
480.28
480.28
480.28
480.28
480.28
480.28
480.28
480.28
480.28
480.28
480.28
480.28
480.28
480.28
480.28
480.28
480.28
480.28
480.28
480.28
480.28
480.28
480.28
480.28
480.28
480.28
480.28
480.28
480.28
480.28
480.28
480.28
480.28
480.28
480.28
480.16
499.22
498.46
498.0
497.48
513.24
511.8
500.08
498.79
489.94
489.32
503.51
503.51
503.51
503.51
503.51
503.51
503.51
503.51
503.51
503.51
503.51
503.51
503.51
503.51
503.51
503.51
503.51
503.51
503.51
503.51
503.51
503.51
503.51
503.51
503.51
503.51
503.51
503.51
503.51
503.51
503.51
503.51
503.51
503.51
503.51
503.51
503.51
503.49
522.61
521.69
526.17
524.98
534.52
532.89
521.15
520.09
517.45
516.29
523.84
523.84
523.84
523.84
523.84
523.84
523.84
523.84
523.84
523.84
523.84
523.84
523.84
523.84
523.84
523.84
523.84
523.84
523.84
523.84
523.84
523.84
523.84
523.84
523.84
523.84
523.84
523.84
523.84
523.84
523.84
523.84
523.84
523.84
523.84
523.84
523.84
523.45
542.21
541.77
546.05
544.7
560.49
558.57
541.88
540.51
536.84
535.44
548.26
548.26
548.26
548.26
548.26
548.26
548.26
548.26
548.26
548.26
548.26
548.26
548.26
548.26
548.26
548.26
548.26
548.26
548.26
548.26
548.26
548.26
548.26
548.26
548.26
548.26
548.26
548.26
548.26
548.26
548.26
548.26
548.26
548.26
548.26
548.26
548.26
547.98
565.74
564.68
564.44
564.06
580.58
578.68
566.61
565.33
555.59
555.05
568.08
568.08
568.08
568.08
568.08
568.08
568.08
568.08
568.08
568.08
568.08
568.08
568.08
568.08
568.08
568.08
568.08
568.08
568.08
568.08
568.08
568.08
568.08
568.08
568.08
568.08
568.08
568.08
568.08
568.08
568.08
568.08
568.08
568.08
568.08
568.08
568.08
567.71
585.39
584.45
587.22
585.69
595.85
594.13
581.78
580.12
575.15
573.48
582.44
582.44
582.44
582.44
582.44
582.44
582.44
582.44
582.44
582.44
582.44
582.44
582.44
582.44
582.44
582.44
582.44
582.44
582.44
582.44
582.44
582.44
582.44
582.44
582.44
582.44
582.44
582.44
582.44
582.44
582.44
582.44
582.44
582.44
582.44
582.44
582.44
582.17
599.88
599.21
603.36
602.41
617.64
615.36
599.0
597.59
592.95
591.17
603.63
603.63
603.63
603.63
603.63
603.63
603.63
603.63
603.63
603.63
603.63
603.63
603.63
603.63
603.63
603.63
603.63
603.63
603.63
603.63
603.63
603.63
603.63
603.63
603.63
603.63
603.63
603.63
603.63
603.63
603.63
603.63
603.63
603.63
603.63
603.63
603.63
603.23
620.48
619.01
618.42
617.24
632.62
630.53
617.95
615.8
607.01
605.99
619.4
619.4
619.4
619.4
619.4
619.4
619.4
619.4
619.4
619.4
619.4
619.4
619.4
619.4
619.4
619.4
619.4
619.4
619.4
619.4
619.4
619.4
619.4
619.4
619.4
619.4
619.4
619.4
619.4
619.4
619.4
619.4
619.4
619.4
619.4
619.4
619.4
618.93
636.74
635.41
639.99
637.89
647.36
645.53
634.39
632.68
627.78
625.73
634.36
634.36
634.36
634.36
634.36
634.36
634.36
634.36
634.36
634.36
634.36
634.36
634.36
634.36
634.36
634.36
634.36
634.36
634.36
634.36
634.36
634.36
634.36
634.36
634.36
634.36
634.36
634.36
634.36
634.36
634.36
634.36
634.36
634.36
634.36
634.36
634.36
633.82
649.45
648.44
652.79
650.78
662.88
660.41
646.72
645.2
641.76
639.79
648.93
648.93
648.93
648.93
648.93
648.93
648.93
648.93
648.93
648.93
648.93
648.93
648.93
648.93
648.93
648.93
648.93
648.93
648.93
648.93
648.93
648.93
648.93
648.93
648.93
648.93
648.93
648.93
648.93
648.93
648.93
648.93
648.93
648.93
648.93
648.93
648.93
648.46
664.23
662.36
663.13
661.56
674.28
672.38
660.88
658.35
651.77
649.86
660.73
660.73
660.73
660.73
660.73
660.73
660.73
660.73
660.73
660.73
660.73
660.73
660.73
660.73
660.73
660.73
660.73
660.73
660.73
660.73
660.73
660.73
660.73
660.73
660.73
660.73
660.73
660.73
660.73
660.73
660.73
660.73
660.73
660.73
660.73
660.73
660.73
660.56
676.26
675.05
678.08
676.06
685.03
683.32
671.58
669.92
665.74
663.3
669.68
669.68
669.68
669.68
669.68
669.68
669.68
669.68
669.68
669.68
669.68
669.68
669.68
669.68
669.68
669.68
669.68
669.68
669.68
669.68
669.68
669.68
669.68
669.68
669.68
669.68
669.68
669.68
669.68
669.68
669.68
669.68
669.68
669.68
669.68
669.68
669.68
669.19
684.81
683.82
687.1
685.25
696.16
694.02
679.6
678.07
674.03
672.7
680.88
680.88
680.88
680.88
680.88
680.88
680.88
680.88
680.88
680.88
680.88
680.88
680.88
680.88
680.88
680.88
680.88
680.88
680.88
680.88
680.88
680.88
680.88
680.88
680.88
680.88
680.88
680.88
680.88
680.88
680.88
680.88
680.88
680.88
680.88
680.88
680.88
680.51
694.82
692.78
693.48
692.0
702.4
700.48
688.83
686.61
679.75
678.05
687.94
687.94
687.94
687.94
687.94
687.94
687.94
687.94
687.94
687.94
687.94
687.94
687.94
687.94
687.94
687.94
687.94
687.94
687.94
687.94
687.94
687.94
687.94
687.94
687.94
687.94
687.94
687.94
687.94
687.94
687.94
687.94
687.94
687.94
687.94
687.94
687.94
687.51
702.44
701.25
703.16
700.52
708.44
706.62
695.9
694.05
691.11
688.55
693.8
693.8
693.8
693.8
693.8
693.8
693.8
693.8
693.8
693.8
693.8
693.8
693.8
693.8
693.8
693.8
693.8
693.8
693.8
693.8
693.8
693.8
693.8
693.8
693.8
693.8
693.8
693.8
693.8
693.8
693.8
693.8
693.8
693.8
693.8
693.8
693.8
693.29
707.41
706.11
710.76
708.8
716.72
714.43
701.08
699.51
696.09
693.71
702.11
702.11
702.11
702.11
702.11
702.11
702.11
702.11
702.11
702.11
702.11
702.11
702.11
702.11
702.11
702.11
702.11
702.11
702.11
702.11
702.11
702.11
702.11
702.11
702.11
702.11
702.11
702.11
702.11
702.11
702.11
702.11
702.11
702.11
702.11
702.11
702.11
701.66
715.37
713.3
713.61
712.16
722.63
720.47
710.28
707.87
701.84
699.83
706.78
706.78
706.78
706.78
706.78
706.78
706.78
706.78
706.78
706.78
706.78
706.78
706.78
706.78
706.78
706.78
706.78
706.78
706.78
706.78
706.78
706.78
706.78
706.78
706.78
706.78
706.78
706.78
706.78
706.78
706.78
706.78
706.78
706.78
706.78
706.78
706.78
706.09
719.24
717.43
721.76
719.31
725.69
723.9
714.71
712.57
709.34
706.81
712.21
712.21
712.21
712.21
712.21
712.21
712.21
712.21
712.21
712.21
712.21
712.21
712.21
712.21
712.21
712.21
712.21
712.21
712.21
712.21
712.21
712.21
712.21
712.21
712.21
712.21
712.21
712.21
712.21
712.21
712.21
712.21
712.21
712.21
712.21
712.21
712.21
711.7
724.23
722.82
726.09
723.46
731.29
728.93
716.11
713.95
711.02
708.39
714.96
714.96
714.96
714.96
714.96
714.96
714.96
714.96
714.96
714.96
714.96
714.96
714.96
714.96
714.96
714.96
714.96
714.96
714.96
714.96
714.96
714.96
714.96
714.96
714.96
714.96
714.96
714.96
714.96
714.96
714.96
714.96
714.96
714.96
714.96
714.96
714.96
714.25
727.8
725.87
727.88
726.01
735.18
732.83
724.38
721.9
715.84
713.21
720.17
720.17
720.17
720.17
720.17
720.17
720.17
720.17
720.17
720.17
720.17
720.17
720.17
720.17
720.17
720.17
720.17
720.17
720.17
720.17
720.17
720.17
720.17
720.17
720.17
720.17
720.17
720.17
720.17
720.17
720.17
720.17
720.17
720.17
720.17
720.17
720.17
719.62
731.95
729.92
734.55
732.65
739.0
736.73
728.36
725.75
721.91
718.82
722.52
722.52
722.52
722.52
722.52
722.52
722.52
722.52
722.52
722.52
722.52
722.52
722.52
722.52
722.52
722.52
722.52
722.52
722.52
722.52
722.52
722.52
722.52
722.52
722.52
722.52
722.52
722.52
722.52
722.52
722.52
722.52
722.52
722.52
722.52
722.52
722.52
721.96
733.96
731.74
735.14
732.26
741.32
739.05
727.04
724.62
723.07
720.33
726.74
726.74
726.74
726.74
726.74
726.74
726.74
726.74
726.74
726.74
726.74
726.74
726.74
726.74
726.74
726.74
726.74
726.74
726.74
726.74
726.74
726.74
726.74
726.74
726.74
726.74
726.74
726.74
726.74
726.74
726.74
726.74
726.74
726.74
726.74
726.74
726.74
725.93
737.77
735.51
738.54
736.35
744.33
742.22
732.32
729.64
725.66
723.35
730.53
730.53
730.53
730.53
730.53
730.53
730.53
730.53
730.53
730.53
730.53
730.53
730.53
730.53
730.53
730.53
730.53
730.53
730.53
730.53
730.53
730.53
730.53
730.53
730.53
730.53
730.53
730.53
730.53
730.53
730.53
730.53
730.53
730.53
730.53
730.53
730.53
729.91
741.71
739.87
744.92
742.52
749.17
747.1
737.9
735.68
732.49
729.71
734.89
734.89
734.89
734.89
734.89
734.89
734.89
734.89
734.89
734.89
734.89
734.89
734.89
734.89
734.89
734.89
734.89
734.89
734.89
734.89
734.89
734.89
734.89
734.89
734.89
734.89
734.89
734.89
734.89
734.89
734.89
734.89
734.89
734.89
734.89
734.89
734.89
734.5
746.03
744.1
748.06
746.1
753.02
750.94
739.01
736.63
734.74
732.47
736.72
736.72
736.72
736.72
736.72
736.72
736.72
736.72
736.72
736.72
736.72
736.72
736.72
736.72
736.72
736.72
736.72
736.72
736.72
736.72
736.72
736.72
736.72
736.72
736.72
736.72
736.72
736.72
736.72
736.72
736.72
736.72
736.72
736.72
736.72
736.72
736.72
736.04
747.33
745.66
748.15
745.81
753.57
751.41
740.95
738.56
735.08
732.58
737.3
737.3
737.3
737.3
737.3
737.3
737.3
737.3
737.3
737.3
737.3
737.3
737.3
737.3
737.3
737.3
737.3
737.3
737.3
737.3
737.3
737.3
737.3
737.3
737.3
737.3
737.3
737.3
737.3
737.3
737.3
737.3
737.3
737.3
737.3
737.3
737.3
736.73
748.14
746.52
750.35
747.69
753.47
751.27
740.93
738.99
735.76
733.43
736.67
736.67
736.67
736.67
736.67
736.67
736.67
736.67
736.67
736.67
736.67
736.67
736.67
736.67
736.67
736.67
736.67
736.67
736.67
736.67
736.67
736.67
736.67
736.67
736.67
736.67
736.67
736.67
736.67
736.67
736.67
736.67
736.67
736.67
736.67
736.67
736.67
735.94
747.4
745.29
748.97
746.59
753.11
750.81
740.39
738.09
735.83
733.49
739.91
739.91
739.91
739.91
739.91
739.91
739.91
739.91
739.91
739.91
739.91
739.91
739.91
739.91
739.91
739.91
739.91
739.91
739.91
739.91
739.91
739.91
739.91
739.91
739.91
739.91
739.91
739.91
739.91
739.91
739.91
739.91
739.91
739.91
739.91
739.91
739.91
739.22
750.82
748.98
750.99
747.89
754.57
752.44
743.12
740.65
736.96
734.47
740.19
740.19
740.19
740.19
740.19
740.19
740.19
740.19
740.19
740.19
740.19
740.19
740.19
740.19
740.19
740.19
740.19
740.19
740.19
740.19
740.19
740.19
740.19
740.19
740.19
740.19
740.19
740.19
740.19
740.19
740.19
740.19
740.19
740.19
740.19
740.19
740.19
739.43
750.0
748.14
752.7
750.44
756.04
753.91
743.28
740.75
738.91
736.56
739.24
739.24
739.24
739.24
739.24
739.24
739.24
739.24
739.24
739.24
739.24
739.24
739.24
739.24
739.24
739.24
739.24
739.24
739.24
739.24
739.24
739.24
739.24
739.24
739.24
739.24
739.24
739.24
739.24
739.24
739.24
739.24
739.24
739.24
739.24
739.24
739.24
738.37
749.43
747.71
752.69
750.44
757.4
755.17
744.49
742.27
740.9
738.12
742.76
742.76
742.76
742.76
742.76
742.76
742.76
742.76
742.76
742.76
742.76
742.76
742.76
742.76
742.76
742.76
742.76
742.76
742.76
742.76
742.76
742.76
742.76
742.76
742.76
742.76
742.76
742.76
742.76
742.76
742.76
742.76
742.76
742.76
742.76
742.76
742.76
741.97
751.61
749.49
753.43
750.98
757.23
755.13
744.16
741.62
740.33
737.63
742.36
742.36
742.36
742.36
742.36
742.36
742.36
742.36
742.36
742.36
742.36
742.36
742.36
742.36
742.36
742.36
742.36
742.36
742.36
742.36
742.36
742.36
742.36
742.36
742.36
742.36
742.36
742.36
742.36
742.36
742.36
742.36
742.36
742.36
742.36
742.36
742.36
741.6
751.11
748.76
752.92
750.55
755.06
752.71
742.75
739.8
738.05
735.11
739.08
739.08
739.08
739.08
739.08
739.08
739.08
739.08
739.08
739.08
739.08
739.08
739.08
739.08
739.08
739.08
739.08
739.08
739.08
739.08
739.08
739.08
739.08
739.08
739.08
739.08
739.08
739.08
739.08
739.08
739.08
739.08
739.08
739.08
739.08
739.08
739.08
738.47
749.46
747.09
752.69
750.02
756.05
753.85
742.48
739.9
737.75
735.51
740.62
740.62
740.62
740.62
740.62
740.62
740.62
740.62
740.62
740.62
740.62
740.62
740.62
740.62
740.62
740.62
740.62
740.62
740.62
740.62
740.62
740.62
740.62
740.62
740.62
740.62
740.62
740.62
740.62
740.62
740.62
740.62
740.62
740.62
740.62
740.62
740.62
739.75
750.9
748.65
752.07
749.75
757.77
755.83
745.51
742.61
739.15
736.47
741.22
741.22
741.22
741.22
741.22
741.22
741.22
741.22
741.22
741.22
741.22
741.22
741.22
741.22
741.22
741.22
741.22
741.22
741.22
741.22
741.22
741.22
741.22
741.22
741.22
741.22
741.22
741.22
741.22
741.22
741.22
741.22
741.22
741.22
741.22
741.22
741.22
740.41
750.64
748.82
751.67
748.91
755.45
752.93
743.34
740.77
739.31
736.35
740.56
740.56
740.56
740.56
740.56
740.56
740.56
740.56
740.56
740.56
740.56
740.56
740.56
740.56
740.56
740.56
740.56
740.56
740.56
740.56
740.56
740.56
740.56
740.56
740.56
740.56
740.56
740.56
740.56
740.56
740.56
740.56
740.56
740.56
740.56
740.56
740.56
739.84
749.93
747.57
752.18
749.55
756.52
754.01
744.13
741.23
738.32
736.02
740.38
740.38
740.38
740.38
740.38
740.38
740.38
740.38
740.38
740.38
740.38
740.38
740.38
740.38
740.38
740.38
740.38
740.38
740.38
740.38
740.38
740.38
740.38
740.38
740.38
740.38
740.38
740.38
740.38
740.38
740.38
740.38
740.38
740.38
740.38
740.38
740.38
739.84
751.19
748.62
751.41
749.23
755.35
753.13
743.88
741.11
738.54
735.85
740.75
740.75
740.75
740.75
740.75
740.75
740.75
740.75
740.75
740.75
740.75
740.75
740.75
740.75
740.75
740.75
740.75
740.75
740.75
740.75
740.75
740.75
740.75
740.75
740.75
740.75
740.75
740.75
740.75
740.75
740.75
740.75
740.75
740.75
740.75
740.75
740.75
740.14
750.88
748.45
751.99
749.01
756.08
754.17
743.7
740.62
737.62
734.53
739.2
739.2
739.2
739.2
739.2
739.2
739.2
739.2
739.2
739.2
739.2
739.2
739.2
739.2
739.2
739.2
739.2
739.2
739.2
739.2
739.2
739.2
739.2
739.2
739.2
739.2
739.2
739.2
739.2
739.2
739.2
739.2
739.2
739.2
739.2
739.2
739.2
738.82
750.04
747.98
751.61
749.1
755.53
753.41
742.86
740.34
737.43
735.01
738.15
738.15
738.15
738.15
738.15
738.15
738.15
738.15
738.15
738.15
738.15
738.15
738.15
738.15
738.15
738.15
738.15
738.15
738.15
738.15
738.15
738.15
738.15
738.15
738.15
738.15
738.15
738.15
738.15
738.15
738.15
738.15
738.15
738.15
738.15
738.15
738.15
737.52
749.2
747.44
751.1
748.06
754.17
752.35
744.36
741.85
739.02
736.64
739.27
739.27
739.27
739.27
739.27
739.27
739.27
739.27
739.27
739.27
739.27
739.27
739.27
739.27
739.27
739.27
739.27
739.27
739.27
739.27
739.27
739.27
739.27
739.27
739.27
739.27
739.27
739.27
739.27
739.27
739.27
739.27
739.27
739.27
739.27
739.27
739.27
738.33
750.68
748.92
753.2
750.83
756.14
753.89
744.66
742.31
740.18
737.75
743.6
743.6
743.6
743.6
743.6
743.6
743.6
743.6
743.6
743.6
743.6
743.6
743.6
743.6
743.6
743.6
743.6
743.6
743.6
743.6
743.6
743.6
743.6
743.6
743.6
743.6
743.6
743.6
743.6
743.6
743.6
743.6
743.6
743.6
743.6
743.6
743.6
742.63
753.19
750.89
754.99
752.77
759.55
757.46
747.24
745.01
740.21
737.38
742.9
742.9
742.9
742.9
742.9
742.9
742.9
742.9
742.9
742.9
742.9
742.9
742.9
742.9
742.9
742.9
742.9
742.9
742.9
742.9
742.9
742.9
742.9
742.9
742.9
742.9
742.9
742.9
742.9
742.9
742.9
742.9
742.9
742.9
742.9
742.9
742.9
742.14
753.02
750.85
755.13
752.23
759.31
757.46
748.39
745.91
743.12
740.17
745.64
745.64
745.64
745.64
745.64
745.64
745.64
745.64
745.64
745.64
745.64
745.64
745.64
745.64
745.64
745.64
745.64
745.64
745.64
745.64
745.64
745.64
745.64
745.64
745.64
745.64
745.64
745.64
745.64
745.64
745.64
745.64
745.64
745.64
745.64
745.64
745.64
744.92
755.48
753.59
758.27
755.89
762.64
760.39
750.93
748.47
744.49
741.75
746.64
746.64
746.64
746.64
746.64
746.64
746.64
746.64
746.64
746.64
746.64
746.64
746.64
746.64
746.64
746.64
746.64
746.64
746.64
746.64
746.64
746.64
746.64
746.64
746.64
746.64
746.64
746.64
746.64
746.64
746.64
746.64
746.64
746.64
746.64
746.64
746.64
745.93
756.86
754.79
759.04
756.66
762.53
760.15
750.36
748.19
744.01
741.48
746.07
746.07
746.07
746.07
746.07
746.07
746.07
746.07
746.07
746.07
746.07
746.07
746.07
746.07
746.07
746.07
746.07
746.07
746.07
746.07
746.07
746.07
746.07
746.07
746.07
746.07
746.07
746.07
746.07
746.07
746.07
746.07
746.07
746.07
746.07
746.07
746.07
745.25
755.97
753.54
757.74
754.97
762.76
760.52
752.76
750.71
747.7
744.24
749.16
749.16
749.16
749.16
749.16
749.16
749.16
749.16
749.16
749.16
749.16
749.16
749.16
749.16
749.16
749.16
749.16
749.16
749.16
749.16
749.16
749.16
749.16
749.16
749.16
749.16
749.16
749.16
749.16
749.16
749.16
749.16
749.16
749.16
749.16
749.16
749.16
748.27
757.79
755.38
759.49
756.8
762.03
759.39
749.44
747.68
744.96
742.13
747.15
747.15
747.15
747.15
747.15
747.15
747.15
747.15
747.15
747.15
747.15
747.15
747.15
747.15
747.15
747.15
747.15
747.15
747.15
747.15
747.15
747.15
747.15
747.15
747.15
747.15
747.15
747.15
747.15
747.15
747.15
747.15
747.15
747.15
747.15
747.15
747.15
746.42
756.97
754.84
758.58
756.08
761.2
759.06
749.36
746.91
743.77
740.9
745.46
745.46
745.46
745.46
745.46
745.46
745.46
745.46
745.46
745.46
745.46
745.46
745.46
745.46
745.46
745.46
745.46
745.46
745.46
745.46
745.46
745.46
745.46
745.46
745.46
745.46
745.46
745.46
745.46
745.46
745.46
745.46
745.46
745.46
745.46
745.46
745.46
744.33
754.05
752.04
757.19
754.48
759.97
757.99
748.64
745.99
743.16
740.51
744.94
744.94
744.94
744.94
744.94
744.94
744.94
744.94
744.94
744.94
744.94
744.94
744.94
744.94
744.94
744.94
744.94
744.94
744.94
744.94
744.94
744.94
744.94
744.94
744.94
744.94
744.94
744.94
744.94
744.94
744.94
744.94
744.94
744.94
744.94
744.94
744.94
744.09
755.04
753.08
756.85
754.43
760.12
757.65
747.1
744.58
741.69
738.8
744.33
744.33
744.33
744.33
744.33
744.33
744.33
744.33
744.33
744.33
744.33
744.33
744.33
744.33
744.33
744.33
744.33
744.33
744.33
744.33
744.33
744.33
744.33
744.33
744.33
744.33
744.33
744.33
744.33
744.33
744.33
744.33
744.33
744.33
744.33
744.33
744.33
743.54
754.54
752.7
755.79
753.5
760.34
758.53
748.74
746.45
743.87
741.0
744.75
744.75
744.75
744.75
744.75
744.75
744.75
744.75
744.75
744.75
744.75
744.75
744.75
744.75
744.75
744.75
744.75
744.75
744.75
744.75
744.75
744.75
744.75
744.75
744.75
744.75
744.75
744.75
744.75
744.75
744.75
744.75
744.75
744.75
744.75
744.75
744.75
744.07
754.9
752.79
757.84
755.49
760.17
758.01
748.02
745.67
743.73
741.05
746.57
746.57
746.57
746.57
746.57
746.57
746.57
746.57
746.57
746.57
746.57
746.57
746.57
746.57
746.57
746.57
746.57
746.57
746.57
746.57
746.57
746.57
746.57
746.57
746.57
746.57
746.57
746.57
746.57
746.57
746.57
746.57
746.57
746.57
746.57
746.57
746.57
745.63
756.62
753.83
758.46
756.64
762.39
760.32
750.53
748.2
745.33
743.3
748.73
748.73
748.73
748.73
748.73
748.73
748.73
748.73
748.73
748.73
748.73
748.73
748.73
748.73
748.73
748.73
748.73
748.73
748.73
748.73
748.73
748.73
748.73
748.73
748.73
748.73
748.73
748.73
748.73
748.73
748.73
748.73
748.73
748.73
748.73
748.73
748.73
747.89
758.33
756.31
760.98
758.49
763.26
761.32
751.14
748.67
746.53
744.03
746.9
746.9
746.9
746.9
746.9
746.9
746.9
746.9
746.9
746.9
746.9
746.9
746.9
746.9
746.9
746.9
746.9
746.9
746.9
746.9
746.9
746.9
746.9
746.9
746.9
746.9
746.9
746.9
746.9
746.9
746.9
746.9
746.9
746.9
746.9
746.9
746.9
746.03
756.87
755.28
760.37
757.78
762.86
760.8
750.7
748.62
748.05
745.59
748.8
748.8
748.8
748.8
748.8
748.8
748.8
748.8
748.8
748.8
748.8
748.8
748.8
748.8
748.8
748.8
748.8
748.8
748.8
748.8
748.8
748.8
748.8
748.8
748.8
748.8
748.8
748.8
748.8
748.8
748.8
748.8
748.8
748.8
748.8
748.8
748.8
748.08
758.51
756.65
758.72
756.25
761.37
759.25
750.08
747.37
744.31
741.67
747.94
747.94
747.94
747.94
747.94
747.94
747.94
747.94
747.94
747.94
747.94
747.94
747.94
747.94
747.94
747.94
747.94
747.94
747.94
747.94
747.94
747.94
747.94
747.94
747.94
747.94
747.94
747.94
747.94
747.94
747.94
747.94
747.94
747.94
747.94
747.94
747.94
747.33
757.87
755.9
761.46
759.38
763.13
760.96
750.91
748.3
747.07
744.41
747.46
747.46
747.46
747.46
747.46
747.46
747.46
747.46
747.46
747.46
747.46
747.46
747.46
747.46
747.46
747.46
747.46
747.46
747.46
747.46
747.46
747.46
747.46
747.46
747.46
747.46
747.46
747.46
747.46
747.46
747.46
747.46
747.46
747.46
747.46
747.46
747.46
746.59
757.34
755.56
759.52
757.72
763.94
762.01
751.65
749.44
745.65
742.9
748.62
748.62
748.62
748.62
748.62
748.62
748.62
748.62
748.62
748.62
748.62
748.62
748.62
748.62
748.62
748.62
748.62
748.62
748.62
748.62
748.62
748.62
748.62
748.62
748.62
748.62
748.62
748.62
748.62
748.62
748.62
748.62
748.62
748.62
748.62
748.62
748.62
747.86
757.93
756.07
760.23
757.92
764.14
762.06
752.83
750.36
747.55
744.8
749.43
749.43
749.43
749.43
749.43
749.43
749.43
749.43
749.43
749.43
749.43
749.43
749.43
749.43
749.43
749.43
749.43
749.43
749.43
749.43
749.43
749.43
749.43
749.43
749.43
749.43
749.43
749.43
749.43
749.43
749.43
749.43
749.43
749.43
749.43
749.43
749.43
748.75
759.64
758.04
762.33
760.2
763.64
761.28
752.78
750.11
747.03
744.38
748.99
748.99
748.99
748.99
748.99
748.99
748.99
748.99
748.99
748.99
748.99
748.99
748.99
748.99
748.99
748.99
748.99
748.99
748.99
748.99
748.99
748.99
748.99
748.99
748.99
748.99
748.99
748.99
748.99
748.99
748.99
748.99
748.99
748.99
748.99
748.99
748.99
748.22
757.89
756.05
759.88
757.43
762.05
759.8
749.97
747.65
745.57
742.65
746.27
746.27
746.27
746.27
746.27
746.27
746.27
746.27
746.27
746.27
746.27
746.27
746.27
746.27
746.27
746.27
746.27
746.27
746.27
746.27
746.27
746.27
746.27
746.27
746.27
746.27
746.27
746.27
746.27
746.27
746.27
746.27
746.27
746.27
746.27
746.27
746.27
745.57
755.83
753.73
757.3
754.97
760.06
757.73
748.48
746.29
745.46
743.12
747.32
747.32
747.32
747.32
747.32
747.32
747.32
747.32
747.32
747.32
747.32
747.32
747.32
747.32
747.32
747.32
747.32
747.32
747.32
747.32
747.32
747.32
747.32
747.32
747.32
747.32
747.32
747.32
747.32
747.32
747.32
747.32
747.32
747.32
747.32
747.32
747.32
746.7
757.32
755.31
760.07
757.4
762.6
760.61
750.82
748.95
745.44
742.79
746.22
746.22
746.22
746.22
746.22
746.22
746.22
746.22
746.22
746.22
746.22
746.22
746.22
746.22
746.22
746.22
746.22
746.22
746.22
746.22
746.22
746.22
746.22
746.22
746.22
746.22
746.22
746.22
746.22
746.22
746.22
746.22
746.22
746.22
746.22
746.22
746.22
745.69
756.27
754.35
758.17
755.17
761.27
759.46
748.42
746.3
743.64
741.04
746.14
746.14
746.14
746.14
746.14
746.14
746.14
746.14
746.14
746.14
746.14
746.14
746.14
746.14
746.14
746.14
746.14
746.14
746.14
746.14
746.14
746.14
746.14
746.14
746.14
746.14
746.14
746.14
746.14
746.14
746.14
746.14
746.14
746.14
746.14
746.14
746.14
745.83
755.94
754.25
758.58
756.27
761.3
759.18
749.56
747.31
746.39
744.66
748.43
748.43
748.43
748.43
748.43
748.43
748.43
748.43
748.43
748.43
748.43
748.43
748.43
748.43
748.43
748.43
748.43
748.43
748.43
748.43
748.43
748.43
748.43
748.43
748.43
748.43
748.43
748.43
748.43
748.43
748.43
748.43
748.43
748.43
748.43
748.43
748.43
748.02
758.41
756.13
760.0
757.97
763.17
761.24
750.44
747.87
746.22
743.84
747.99
747.99
747.99
747.99
747.99
747.99
747.99
747.99
747.99
747.99
747.99
747.99
747.99
747.99
747.99
747.99
747.99
747.99
747.99
747.99
747.99
747.99
747.99
747.99
747.99
747.99
747.99
747.99
747.99
747.99
747.99
747.99
747.99
747.99
747.99
747.99
747.99
747.58
758.9
757.25
760.68
758.92
762.16
759.81
749.02
746.99
742.42
739.85
744.08
744.08
744.08
744.08
744.08
744.08
744.08
744.08
744.08
744.08
744.08
744.08
744.08
744.08
744.08
744.08
744.08
744.08
744.08
744.08
744.08
744.08
744.08
744.08
744.08
744.08
744.08
744.08
744.08
744.08
744.08
744.08
744.08
744.08
744.08
744.08
744.08
743.53
753.57
751.81
756.19
753.79
759.33
757.07
746.36
743.68
741.71
739.67
743.13
743.13
743.13
743.13
743.13
743.13
743.13
743.13
743.13
743.13
743.13
743.13
743.13
743.13
743.13
743.13
743.13
743.13
743.13
743.13
743.13
743.13
743.13
743.13
743.13
743.13
743.13
743.13
743.13
743.13
743.13
743.13
743.13
743.13
743.13
743.13
743.13
742.61
753.83
751.72
755.7
753.37
758.22
756.22
746.85
744.54
741.52
739.26
742.47
742.47
742.47
742.47
742.47
742.47
742.47
742.47
742.47
742.47
742.47
742.47
742.47
742.47
742.47
742.47
742.47
742.47
742.47
742.47
742.47
742.47
742.47
742.47
742.47
742.47
742.47
742.47
742.47
742.47
742.47
742.47
742.47
742.47
742.47
742.47
742.47
741.85
752.84
751.24
754.7
752.08
758.34
756.16
746.87
744.4
740.5
738.26
742.34
742.34
742.34
742.34
742.34
742.34
742.34
742.34
742.34
742.34
742.34
742.34
742.34
742.34
742.34
742.34
742.34
742.34
742.34
742.34
742.34
742.34
742.34
742.34
742.34
742.34
742.34
742.34
742.34
742.34
742.34
742.34
742.34
742.34
742.34
742.34
742.34
741.7
752.95
750.89
755.05
752.98
758.57
756.46
746.0
743.45
739.88
738.18
742.43
742.43
742.43
742.43
742.43
742.43
742.43
742.43
742.43
742.43
742.43
742.43
742.43
742.43
742.43
742.43
742.43
742.43
742.43
742.43
742.43
742.43
742.43
742.43
742.43
742.43
742.43
742.43
742.43
742.43
742.43
742.43
742.43
742.43
742.43
742.43
742.43
741.55
752.59
750.61
754.36
751.98
756.43
754.39
744.66
742.56
738.71
736.25
739.79
739.79
739.79
739.79
739.79
739.79
739.79
739.79
739.79
739.79
739.79
739.79
739.79
739.79
739.79
739.79
739.79
739.79
739.79
739.79
739.79
739.79
739.79
739.79
739.79
739.79
739.79
739.79
739.79
739.79
739.79
739.79
739.79
739.79
739.79
739.79
739.79
738.96
750.28
748.03
752.2
749.48
755.39
753.29
744.53
742.41
739.2
736.62
739.74
739.74
739.74
739.74
739.74
739.74
739.74
739.74
739.74
739.74
739.74
739.74
739.74
739.74
739.74
739.74
739.74
739.74
739.74
739.74
739.74
739.74
739.74
739.74
739.74
739.74
739.74
739.74
739.74
739.74
739.74
739.74
739.74
739.74
739.74
739.74
739.74
739.25
751.26
749.08
751.6
749.24
754.69
752.13
743.58
740.87
736.67
734.46
738.91
738.91
738.91
738.91
738.91
738.91
738.91
738.91
738.91
738.91
738.91
738.91
738.91
738.91
738.91
738.91
738.91
738.91
738.91
738.91
738.91
738.91
738.91
738.91
738.91
738.91
738.91
738.91
738.91
738.91
738.91
738.91
738.91
738.91
738.91
738.91
738.91
738.16
749.88
747.97
752.72
750.33
756.29
754.03
744.83
742.48
740.8
738.7
743.9
743.9
743.9
743.9
743.9
743.9
743.9
743.9
743.9
743.9
743.9
743.9
743.9
743.9
743.9
743.9
743.9
743.9
743.9
743.9
743.9
743.9
743.9
743.9
743.9
743.9
743.9
743.9
743.9
743.9
743.9
743.9
743.9
743.9
743.9
743.9
743.9
743.25
754.47
752.28
756.59
754.19
760.54
758.56
748.89
746.67
745.52
743.0
745.96
745.96
745.96
745.96
745.96
745.96
745.96
745.96
745.96
745.96
745.96
745.96
745.96
745.96
745.96
745.96
745.96
745.96
745.96
745.96
745.96
745.96
745.96
745.96
745.96
745.96
745.96
745.96
745.96
745.96
745.96
745.96
745.96
745.96
745.96
745.96
745.96
745.6
756.19
754.21
757.11
754.6
759.43
757.28
748.61
746.22
743.05
740.65
745.94
745.94
745.94
745.94
745.94
745.94
745.94
745.94
745.94
745.94
745.94
745.94
745.94
745.94
745.94
745.94
745.94
745.94
745.94
745.94
745.94
745.94
745.94
745.94
745.94
745.94
745.94
745.94
745.94
745.94
745.94
745.94
745.94
745.94
745.94
745.94
745.94
745.38
755.96
753.92
757.48
755.81
760.58
758.27
750.42
748.14
742.77
740.71
743.13
743.13
743.13
743.13
743.13
743.13
743.13
743.13
743.13
743.13
743.13
743.13
743.13
743.13
743.13
743.13
743.13
743.13
743.13
743.13
743.13
743.13
743.13
743.13
743.13
743.13
743.13
743.13
743.13
743.13
743.13
743.13
743.13
743.13
743.13
743.13
743.13
742.63
754.93
753.45
758.5
756.27
759.85
757.68
749.14
746.62
744.97
742.58
743.97
743.97
743.97
743.97
743.97
743.97
743.97
743.97
743.97
743.97
743.97
743.97
743.97
743.97
743.97
743.97
743.97
743.97
743.97
743.97
743.97
743.97
743.97
743.97
743.97
743.97
743.97
743.97
743.97
743.97
743.97
743.97
743.97
743.97
743.97
743.97
743.97
743.22
755.37
753.11
756.99
755.6
761.44
759.25
750.56
748.1
744.63
742.29
745.05
745.05
745.05
745.05
745.05
745.05
745.05
745.05
745.05
745.05
745.05
745.05
745.05
745.05
745.05
745.05
745.05
745.05
745.05
745.05
745.05
745.05
745.05
745.05
745.05
745.05
745.05
745.05
745.05
745.05
745.05
745.05
745.05
745.05
745.05
745.05
745.05
744.28
756.56
754.54
757.49
755.38
760.89
758.61
749.23
747.09
744.06
740.76
744.48
744.48
744.48
744.48
744.48
744.48
744.48
744.48
744.48
744.48
744.48
744.48
744.48
744.48
744.48
744.48
744.48
744.48
744.48
744.48
744.48
744.48
744.48
744.48
744.48
744.48
744.48
744.48
744.48
744.48
744.48
744.48
744.48
744.48
744.48
744.48
744.48
743.71
755.48
753.51
756.65
754.58
759.52
757.28
748.1
745.63
743.27
740.48
744.1
744.1
744.1
744.1
744.1
744.1
744.1
744.1
744.1
744.1
744.1
744.1
744.1
744.1
744.1
744.1
744.1
744.1
744.1
744.1
744.1
744.1
744.1
744.1
744.1
744.1
744.1
744.1
744.1
744.1
744.1
744.1
744.1
744.1
744.1
744.1
744.1
743.46
755.21
752.45
756.83
754.47
759.7
757.28
748.53
745.84
744.23
741.85
745.81
745.81
745.81
745.81
745.81
745.81
745.81
745.81
745.81
745.81
745.81
745.81
745.81
745.81
745.81
745.81
745.81
745.81
745.81
745.81
745.81
745.81
745.81
745.81
745.81
745.81
745.81
745.81
745.81
745.81
745.81
745.81
745.81
745.81
745.81
745.81
745.81
745.09
757.33
755.52
759.32
757.07
762.49
760.25
751.53
749.63
745.08
742.54
745.08
745.08
745.08
745.08
745.08
745.08
745.08
745.08
745.08
745.08
745.08
745.08
745.08
745.08
745.08
745.08
745.08
745.08
745.08
745.08
745.08
745.08
745.08
745.08
745.08
745.08
745.08
745.08
745.08
745.08
745.08
745.08
745.08
745.08
745.08
745.08
745.08
744.52
755.91
755.19
760.41
758.64
761.08
758.71
748.66
746.17
743.59
741.43
743.31
743.31
743.31
743.31
743.31
743.31
743.31
743.31
743.31
743.31
743.31
743.31
743.31
743.31
743.31
743.31
743.31
743.31
743.31
743.31
743.31
743.31
743.31
743.31
743.31
743.31
743.31
743.31
743.31
743.31
743.31
743.31
743.31
743.31
743.31
743.31
743.31
742.86
753.35
751.21
755.17
752.56
758.94
756.63
747.18
744.86
741.92
739.81
745.39
745.39
745.39
745.39
745.39
745.39
745.39
745.39
745.39
745.39
745.39
745.39
745.39
745.39
745.39
745.39
745.39
745.39
745.39
745.39
745.39
745.39
745.39
745.39
745.39
745.39
745.39
745.39
745.39
745.39
745.39
745.39
745.39
745.39
745.39
745.39
745.39
744.94
756.63
754.73
757.02
754.94
759.22
757.35
748.86
746.76
743.86
741.3
746.3
746.3
746.3
746.3
746.3
746.3
746.3
746.3
746.3
746.3
746.3
746.3
746.3
746.3
746.3
746.3
746.3
746.3
746.3
746.3
746.3
746.3
746.3
746.3
746.3
746.3
746.3
746.3
746.3
746.3
746.3
746.3
746.3
746.3
746.3
746.3
746.3
745.71
755.64
753.93
759.05
756.69
760.82
758.5
749.52
747.96
745.62
743.37
744.24
744.24
744.24
744.24
744.24
744.24
744.24
744.24
744.24
744.24
744.24
744.24
744.24
744.24
744.24
744.24
744.24
744.24
744.24
744.24
744.24
744.24
744.24
744.24
744.24
744.24
744.24
744.24
744.24
744.24
744.24
744.24
744.24
744.24
744.24
744.24
744.24
743.52
754.05
752.64
757.06
755.3
760.72
758.31
747.8
745.2
742.77
740.91
744.51
744.51
744.51
744.51
744.51
744.51
744.51
744.51
744.51
744.51
744.51
744.51
744.51
744.51
744.51
744.51
744.51
744.51
744.51
744.51
744.51
744.51
744.51
744.51
744.51
744.51
744.51
744.51
744.51
744.51
744.51
744.51
744.51
744.51
744.51
744.51
744.51
743.6
754.21
752.44
755.53
753.19
759.06
756.74
748.47
746.78
741.12
738.72
743.94
743.94
743.94
743.94
743.94
743.94
743.94
743.94
743.94
743.94
743.94
743.94
743.94
743.94
743.94
743.94
743.94
743.94
743.94
743.94
743.94
743.94
743.94
743.94
743.94
743.94
743.94
743.94
743.94
743.94
743.94
743.94
743.94
743.94
743.94
743.94
743.94
743.18
753.69
751.86
755.78
753.64
757.13
755.14
745.63
743.77
741.94
739.71
741.1
741.1
741.1
741.1
741.1
741.1
741.1
741.1
741.1
741.1
741.1
741.1
741.1
741.1
741.1
741.1
741.1
741.1
741.1
741.1
741.1
741.1
741.1
741.1
741.1
741.1
741.1
741.1
741.1
741.1
741.1
741.1
741.1
741.1
741.1
741.1
741.1
740.41
752.0
749.99
754.84
752.8
758.96
756.94
746.05
743.49
741.07
738.98
741.83
741.83
741.83
741.83
741.83
741.83
741.83
741.83
741.83
741.83
741.83
741.83
741.83
741.83
741.83
741.83
741.83
741.83
741.83
741.83
741.83
741.83
741.83
741.83
741.83
741.83
741.83
741.83
741.83
741.83
741.83
741.83
741.83
741.83
741.83
741.83
741.83
741.16
752.74
750.77
753.81
752.25
757.21
754.73
746.16
743.94
739.66
737.39
740.04
740.04
740.04
740.04
740.04
740.04
740.04
740.04
740.04
740.04
740.04
740.04
740.04
740.04
740.04
740.04
740.04
740.04
740.04
740.04
740.04
740.04
740.04
740.04
740.04
740.04
740.04
740.04
740.04
740.04
740.04
740.04
740.04
740.04
740.04
740.04
740.04
739.31
750.26
748.65
755.35
753.65
757.31
754.73
744.82
741.87
739.76
738.1
742.0
742.0
742.0
742.0
742.0
742.0
742.0
742.0
742.0
742.0
742.0
742.0
742.0
742.0
742.0
742.0
742.0
742.0
742.0
742.0
742.0
742.0
742.0
742.0
742.0
742.0
742.0
742.0
742.0
742.0
742.0
742.0
742.0
742.0
742.0
742.0
742.0
741.55
751.91
749.87
753.92
751.78
757.59
755.11
746.83
744.46
740.87
738.74
742.51
742.51
742.51
742.51
742.51
742.51
742.51
742.51
742.51
742.51
742.51
742.51
742.51
742.51
742.51
742.51
742.51
742.51
742.51
742.51
742.51
742.51
742.51
742.51
742.51
742.51
742.51
742.51
742.51
742.51
742.51
742.51
742.51
742.51
742.51
742.51
742.51
742.05
753.5
751.67
757.59
755.36
759.33
757.01
749.06
746.68
743.11
740.97
744.45
744.45
744.45
744.45
744.45
744.45
744.45
744.45
744.45
744.45
744.45
744.45
744.45
744.45
744.45
744.45
744.45
744.45
744.45
744.45
744.45
744.45
744.45
744.45
744.45
744.45
744.45
744.45
744.45
744.45
744.45
744.45
744.45
744.45
744.45
744.45
744.45
743.72
753.48
751.68
757.35
755.2
760.17
757.78
746.91
744.08
741.97
739.96
744.4
744.4
744.4
744.4
744.4
744.4
744.4
744.4
744.4
744.4
744.4
744.4
744.4
744.4
744.4
744.4
744.4
744.4
744.4
744.4
744.4
744.4
744.4
744.4
744.4
744.4
744.4
744.4
744.4
744.4
744.4
744.4
744.4
744.4
744.4
744.4
744.4
743.99
754.24
752.21
755.37
753.16
756.66
754.74
745.89
743.55
740.55
737.8
741.24
741.24
741.24
741.24
741.24
741.24
741.24
741.24
741.24
741.24
741.24
741.24
741.24
741.24
741.24
741.24
741.24
741.24
741.24
741.24
741.24
741.24
741.24
741.24
741.24
741.24
741.24
741.24
741.24
741.24
741.24
741.24
741.24
741.24
741.24
741.24
741.24
740.48
751.83
750.24
754.81
752.63
758.82
756.61
747.0
744.79
742.03
739.79
743.63
743.63
743.63
743.63
743.63
743.63
743.63
743.63
743.63
743.63
743.63
743.63
743.63
743.63
743.63
743.63
743.63
743.63
743.63
743.63
743.63
743.63
743.63
743.63
743.63
743.63
743.63
743.63
743.63
743.63
743.63
743.63
743.63
743.63
743.63
743.63
743.63
742.97
753.32
751.17
755.18
753.08
759.32
757.34
748.34
746.09
743.76
741.64
745.0
745.0
745.0
745.0
745.0
745.0
745.0
745.0
745.0
745.0
745.0
745.0
745.0
745.0
745.0
745.0
745.0
745.0
745.0
745.0
745.0
745.0
745.0
745.0
745.0
745.0
745.0
745.0
745.0
745.0
745.0
745.0
745.0
745.0
745.0
745.0
745.0
744.32
755.37
753.36
758.22
755.62
760.91
758.69
749.59
747.08
743.05
741.23
744.41
744.41
744.41
744.41
744.41
744.41
744.41
744.41
744.41
744.41
744.41
744.41
744.41
744.41
744.41
744.41
744.41
744.41
744.41
744.41
744.41
744.41
744.41
744.41
744.41
744.41
744.41
744.41
744.41
744.41
744.41
744.41
744.41
744.41
744.41
744.41
744.41
743.85
754.43
752.78
756.93
754.58
758.34
756.35
747.01
744.39
742.95
740.54
744.47
744.47
744.47
744.47
744.47
744.47
744.47
744.47
744.47
744.47
744.47
744.47
744.47
744.47
744.47
744.47
744.47
744.47
744.47
744.47
744.47
744.47
744.47
744.47
744.47
744.47
744.47
744.47
744.47
744.47
744.47
744.47
744.47
744.47
744.47
744.47
744.47
743.91
754.9
752.58
757.43
755.24
760.42
758.39
749.76
747.34
745.59
743.1
746.57
746.57
746.57
746.57
746.57
746.57
746.57
746.57
746.57
746.57
746.57
746.57
746.57
746.57
746.57
746.57
746.57
746.57
746.57
746.57
746.57
746.57
746.57
746.57
746.57
746.57
746.57
746.57
746.57
746.57
746.57
746.57
746.57
746.57
746.57
746.57
746.57
745.99
755.1
753.35
757.07
754.81
758.16
756.01
748.38
746.19
742.51
740.08
742.01
742.01
742.01
742.01
742.01
742.01
742.01
742.01
742.01
742.01
742.01
742.01
742.01
742.01
742.01
742.01
742.01
742.01
742.01
742.01
742.01
742.01
742.01
742.01
742.01
742.01
742.01
742.01
742.01
742.01
742.01
742.01
742.01
742.01
742.01
742.01
742.01
741.28
752.72
751.27
755.24
753.11
758.06
755.86
746.56
744.22
741.02
738.96
743.4
743.4
743.4
743.4
743.4
743.4
743.4
743.4
743.4
743.4
743.4
743.4
743.4
743.4
743.4
743.4
743.4
743.4
743.4
743.4
743.4
743.4
743.4
743.4
743.4
743.4
743.4
743.4
743.4
743.4
743.4
743.4
743.4
743.4
743.4
743.4
743.4
742.76
753.42
751.36
755.62
753.24
758.34
755.8
746.1
743.58
740.64
738.78
742.59
742.59
742.59
742.59
742.59
742.59
742.59
742.59
742.59
742.59
742.59
742.59
742.59
742.59
742.59
742.59
742.59
742.59
742.59
742.59
742.59
742.59
742.59
742.59
742.59
742.59
742.59
742.59
742.59
742.59
742.59
742.59
742.59
742.59
742.59
742.59
742.59
742.06
752.14
749.99
756.17
754.02
757.12
755.06
744.55
741.83
738.35
736.1
739.1
739.1
739.1
739.1
739.1
739.1
739.1
739.1
739.1
739.1
739.1
739.1
739.1
739.1
739.1
739.1
739.1
739.1
739.1
739.1
739.1
739.1
739.1
739.1
739.1
739.1
739.1
739.1
739.1
739.1
739.1
739.1
739.1
739.1
739.1
739.1
739.1
738.21
749.71
748.27
752.54
749.93
755.3
752.55
743.71
741.12
737.51
735.11
740.53
740.53
740.53
740.53
740.53
740.53
740.53
740.53
740.53
740.53
740.53
740.53
740.53
740.53
740.53
740.53
740.53
740.53
740.53
740.53
740.53
740.53
740.53
740.53
740.53
740.53
740.53
740.53
740.53
740.53
740.53
740.53
740.53
740.53
740.53
740.53
740.53
739.92
750.62
748.5
753.01
750.86
755.43
752.62
742.99
740.59
738.43
736.48
740.76
740.76
740.76
740.76
740.76
740.76
740.76
740.76
740.76
740.76
740.76
740.76
740.76
740.76
740.76
740.76
740.76
740.76
740.76
740.76
740.76
740.76
740.76
740.76
740.76
740.76
740.76
740.76
740.76
740.76
740.76
740.76
740.76
740.76
740.76
740.76
740.76
