1    0.262866210937
2    0.262866210937
3    0.262866210937
4    0.262866210937
5    0.262866210937
6    0.262866210937
7    0.262719726562
8    0.262719726562
9    0.262719726562
10    0.262719726562
11    0.262719726562
12    0.262573242187
13    0.262573242187
14    0.262573242187
15    0.262573242187
16    0.262573242187
17    0.262426757812
18    0.262426757812
19    0.262426757812
20    0.262426757812
21    0.262426757812
22    0.262426757812
23    0.262280273437
24    0.262280273437
25    0.262280273437
26    0.262280273437
27    0.262280273437
28    0.262133789062
29    0.262133789062
30    0.262133789062
31    0.262133789062
32    0.262133789062
33    0.261987304687
34    0.261987304687
35    0.261987304687
36    0.261987304687
37    0.261987304687
38    0.261840820312
39    0.261840820312
40    0.261840820312
41    0.261840820312
42    0.261840820312
43    0.261840820312
44    0.261694335937
45    0.261694335937
46    0.261694335937
47    0.261694335937
48    0.261694335937
49    0.261547851562
50    0.261547851562
51    0.261547851562
52    0.261547851562
53    0.261547851562
54    0.261401367187
55    0.261401367187
56    0.261401367187
57    0.261401367187
58    0.261401367187
59    0.261254882812
60    0.261254882812
61    0.261254882812
62    0.261254882812
63    0.261254882812
64    0.261254882812
65    0.261108398437
66    0.261108398437
67    0.261108398437
68    0.261108398437
69    0.261108398437
70    0.260961914062
71    0.260961914062
72    0.260961914062
73    0.260961914062
74    0.260961914062
75    0.260815429687
76    0.260815429687
77    0.260815429687
78    0.260815429687
79    0.260815429687
80    0.260668945313
81    0.260668945313
82    0.260668945313
83    0.260668945313
84    0.260668945313
85    0.260668945313
86    0.260522460937
87    0.260522460937
88    0.260522460937
89    0.260522460937
90    0.260522460937
91    0.260375976562
92    0.260375976562
93    0.260375976562
94    0.260375976562
95    0.260375976562
96    0.260229492187
97    0.260229492187
98    0.260229492187
99    0.260229492187
100    0.260229492187
101    0.260083007812
102    0.260083007812
103    0.260083007812
104    0.260083007812
105    0.260083007812
106    0.259936523437
107    0.259936523437
108    0.259936523437
109    0.259936523437
110    0.259936523437
111    0.259790039062
112    0.259790039062
113    0.259790039062
114    0.259790039062
115    0.259790039062
116    0.259643554687
117    0.259643554687
118    0.259643554687
119    0.259643554687
120    0.259643554687
121    0.259497070312
122    0.259497070312
123    0.259497070312
124    0.259497070312
125    0.259497070312
126    0.259497070312
127    0.259350585937
128    0.259350585937
129    0.259350585937
130    0.259350585937
131    0.259350585937
132    0.259204101562
133    0.259204101562
134    0.259204101562
135    0.259204101562
136    0.259204101562
137    0.259057617187
138    0.259057617187
139    0.259057617187
140    0.259057617187
141    0.259057617187
142    0.258911132812
143    0.258911132812
144    0.258911132812
145    0.258911132812
146    0.258911132812
147    0.258764648437
148    0.258764648437
149    0.258764648437
150    0.258764648437
151    0.258764648437
152    0.258618164062
153    0.258618164062
154    0.258618164062
155    0.258618164062
156    0.258618164062
157    0.258471679687
158    0.258471679687
159    0.258471679687
160    0.258471679687
161    0.258471679687
162    0.258325195312
163    0.258325195312
164    0.258325195312
165    0.258325195312
166    0.258325195312
167    0.258178710937
168    0.258178710937
169    0.258178710937
170    0.258178710937
171    0.258178710937
172    0.258032226562
173    0.258032226562
174    0.258032226562
175    0.258032226562
176    0.258032226562
177    0.257885742187
178    0.257885742187
179    0.257885742187
180    0.257885742187
181    0.257885742187
182    0.257739257812
183    0.257739257812
184    0.257739257812
185    0.257739257812
186    0.257739257812
187    0.257592773437
188    0.257592773437
189    0.257592773437
190    0.257592773437
191    0.257592773437
192    0.257446289062
193    0.257446289062
194    0.257446289062
195    0.257446289062
196    0.257446289062
197    0.257299804687
198    0.257299804687
199    0.257299804687
200    0.257299804687
201    0.257299804687
202    0.257153320312
203    0.257153320312
204    0.257153320312
205    0.257153320312
206    0.257153320312
207    0.257006835937
208    0.257006835937
209    0.257006835937
210    0.257006835937
211    0.256860351562
212    0.256860351562
213    0.256860351562
214    0.256860351562
215    0.256860351562
216    0.256713867187
217    0.256713867187
218    0.256713867187
219    0.256713867187
220    0.256713867187
221    0.256567382812
222    0.256567382812
223    0.256567382812
224    0.256567382812
225    0.256567382812
226    0.256420898437
227    0.256420898437
228    0.256420898437
229    0.256420898437
230    0.256420898437
231    0.256274414062
232    0.256274414062
233    0.256274414062
234    0.256274414062
235    0.256274414062
236    0.256127929687
237    0.256127929687
238    0.256127929687
239    0.256127929687
240    0.256127929687
241    0.255981445312
242    0.255981445312
243    0.255981445312
244    0.255981445312
245    0.255834960937
246    0.255834960937
247    0.255834960937
248    0.255834960937
249    0.255834960937
250    0.255688476562
251    0.255688476562
252    0.255688476562
253    0.255688476562
254    0.255688476562
255    0.255541992187
256    0.255541992187
257    0.255541992187
258    0.255541992187
259    0.255541992187
260    0.255395507812
261    0.255395507812
262    0.255395507812
263    0.255395507812
264    0.255395507812
265    0.255249023437
266    0.255249023437
267    0.255249023437
268    0.255249023437
269    0.255102539062
270    0.255102539062
271    0.255102539062
272    0.255102539062
273    0.255102539062
274    0.254956054687
275    0.254956054687
276    0.254956054687
277    0.254956054687
278    0.254956054687
279    0.254809570312
280    0.254809570312
281    0.254809570312
282    0.254809570312
283    0.254809570312
284    0.254663085937
285    0.254663085937
286    0.254663085937
287    0.254663085937
288    0.254516601562
289    0.254516601562
290    0.254516601562
291    0.254516601562
292    0.254516601562
293    0.254370117187
294    0.254370117187
295    0.254370117187
296    0.254370117187
297    0.254370117187
298    0.254223632812
299    0.254223632812
300    0.254223632812
301    0.254223632812
302    0.254223632812
303    0.254077148437
304    0.254077148437
305    0.254077148437
306    0.254077148437
307    0.253930664062
308    0.253930664062
309    0.253930664062
310    0.253930664062
311    0.253930664062
312    0.253784179687
313    0.253784179687
314    0.253784179687
315    0.253784179687
316    0.253784179687
317    0.253637695312
318    0.253637695312
319    0.253637695312
320    0.253637695312
321    0.253491210937
322    0.253491210937
323    0.253491210937
324    0.253491210937
325    0.253491210937
326    0.253344726562
327    0.253344726562
328    0.253344726562
329    0.253344726562
330    0.253198242187
331    0.253198242187
332    0.253198242187
333    0.253198242187
334    0.253198242187
335    0.253051757812
336    0.253051757812
337    0.253051757812
338    0.253051757812
339    0.253051757812
340    0.252905273437
341    0.252905273437
342    0.252905273437
343    0.252905273437
344    0.252758789062
345    0.252758789062
346    0.252758789062
347    0.252758789062
348    0.252758789062
349    0.252612304687
350    0.252612304687
351    0.252612304687
352    0.252612304687
353    0.252612304687
354    0.252465820312
355    0.252465820312
356    0.252465820312
357    0.252465820312
358    0.252319335937
359    0.252319335937
360    0.252319335937
361    0.252319335937
362    0.252319335937
363    0.252172851562
364    0.252172851562
365    0.252172851562
366    0.252172851562
367    0.252026367187
368    0.252026367187
369    0.252026367187
370    0.252026367187
371    0.252026367187
372    0.251879882812
373    0.251879882812
374    0.251879882812
375    0.251879882812
376    0.251733398437
377    0.251733398437
378    0.251733398437
379    0.251733398437
380    0.251733398437
381    0.251586914062
382    0.251586914062
383    0.251586914062
384    0.251586914062
385    0.251440429687
386    0.251440429687
387    0.251440429687
388    0.251440429687
389    0.251440429687
390    0.251293945312
391    0.251293945312
392    0.251293945312
393    0.251293945312
394    0.251147460937
395    0.251147460937
396    0.251147460937
397    0.251147460937
398    0.251147460937
399    0.251000976562
400    0.251000976562
401    0.251000976562
402    0.251000976562
403    0.250854492187
404    0.250854492187
405    0.250854492187
406    0.250854492187
407    0.250854492187
408    0.250708007812
409    0.250708007812
410    0.250708007812
411    0.250708007812
412    0.250561523437
413    0.250561523437
414    0.250561523437
415    0.250561523437
416    0.250561523437
417    0.250415039062
418    0.250415039062
419    0.250415039062
420    0.250415039062
421    0.250268554687
422    0.250268554687
423    0.250268554687
424    0.250268554687
425    0.250122070312
426    0.250122070312
427    0.250122070312
428    0.250122070312
429    0.250122070312
430    0.249975585937
431    0.249975585937
432    0.249975585937
433    0.249975585937
434    0.249829101562
435    0.249829101562
436    0.249829101562
437    0.249829101562
438    0.249829101562
439    0.249682617187
440    0.249682617187
441    0.249682617187
442    0.249682617187
443    0.249536132812
444    0.249536132812
445    0.249536132812
446    0.249536132812
447    0.249389648437
448    0.249389648437
449    0.249389648437
450    0.249389648437
451    0.249389648437
452    0.249243164062
453    0.249243164062
454    0.249243164062
455    0.249243164062
456    0.249096679687
457    0.249096679687
458    0.249096679687
459    0.249096679687
460    0.248950195312
461    0.248950195312
462    0.248950195312
463    0.248950195312
464    0.248950195312
465    0.248803710937
466    0.248803710937
467    0.248803710937
468    0.248803710937
469    0.248657226562
470    0.248657226562
471    0.248657226562
472    0.248657226562
473    0.248510742187
474    0.248510742187
475    0.248510742187
476    0.248510742187
477    0.248510742187
478    0.248364257812
479    0.248364257812
480    0.248364257812
481    0.248364257812
482    0.248217773437
483    0.248217773437
484    0.248217773437
485    0.248217773437
486    0.248071289062
487    0.248071289062
488    0.248071289062
489    0.248071289062
490    0.248071289062
491    0.247924804687
492    0.247924804687
493    0.247924804687
494    0.247924804687
495    0.247778320312
496    0.247778320312
497    0.247778320312
498    0.247778320312
499    0.247631835937
500    0.247631835937
501    0.247631835937
502    0.247631835937
503    0.247485351562
504    0.247485351562
505    0.247485351562
506    0.247485351562
507    0.247338867187
508    0.247338867187
509    0.247338867187
510    0.247338867187
511    0.247338867187
512    0.247192382812
513    0.247192382812
514    0.247192382812
515    0.247192382812
516    0.247045898437
517    0.247045898437
518    0.247045898437
519    0.247045898437
520    0.246899414062
521    0.246899414062
522    0.246899414062
523    0.246899414062
524    0.246752929687
525    0.246752929687
526    0.246752929687
527    0.246752929687
528    0.246752929687
529    0.246606445312
530    0.246606445312
531    0.246606445312
532    0.246606445312
533    0.246459960937
534    0.246459960937
535    0.246459960937
536    0.246459960937
537    0.246313476562
538    0.246313476562
539    0.246313476562
540    0.246313476562
541    0.246166992187
542    0.246166992187
543    0.246166992187
544    0.246166992187
545    0.246020507812
546    0.246020507812
547    0.246020507812
548    0.246020507812
549    0.245874023437
550    0.245874023437
551    0.245874023437
552    0.245874023437
553    0.245727539062
554    0.245727539062
555    0.245727539062
556    0.245727539062
557    0.245727539062
558    0.245581054687
559    0.245581054687
560    0.245581054687
561    0.245581054687
562    0.245434570312
563    0.245434570312
564    0.245434570312
565    0.245434570312
566    0.245288085937
567    0.245288085937
568    0.245288085937
569    0.245288085937
570    0.245141601562
571    0.245141601562
572    0.245141601562
573    0.245141601562
574    0.244995117187
575    0.244995117187
576    0.244995117187
577    0.244995117187
578    0.244848632812
579    0.244848632812
580    0.244848632812
581    0.244848632812
582    0.244702148437
583    0.244702148437
584    0.244702148437
585    0.244702148437
586    0.244555664062
587    0.244555664062
588    0.244555664062
589    0.244555664062
590    0.244409179687
591    0.244409179687
592    0.244409179687
593    0.244409179687
594    0.244262695312
595    0.244262695312
596    0.244262695312
597    0.244262695312
598    0.244116210937
599    0.244116210937
600    0.244116210937
601    0.244116210937
602    0.243969726562
603    0.243969726562
604    0.243969726562
605    0.243969726562
606    0.243823242187
607    0.243823242187
608    0.243823242187
609    0.243823242187
610    0.243676757812
611    0.243676757812
612    0.243676757812
613    0.243676757812
614    0.243530273437
615    0.243530273437
616    0.243530273437
617    0.243530273437
618    0.243383789062
619    0.243383789062
620    0.243383789062
621    0.243383789062
622    0.243237304687
623    0.243237304687
624    0.243237304687
625    0.243237304687
626    0.243090820312
627    0.243090820312
628    0.243090820312
629    0.243090820312
630    0.242944335937
631    0.242944335937
632    0.242944335937
633    0.242944335937
634    0.242797851562
635    0.242797851562
636    0.242797851562
637    0.242797851562
638    0.242651367187
639    0.242651367187
640    0.242651367187
641    0.242651367187
642    0.242504882812
643    0.242504882812
644    0.242504882812
645    0.242504882812
646    0.242358398437
647    0.242358398437
648    0.242358398437
649    0.242358398437
650    0.242211914062
651    0.242211914062
652    0.242211914062
653    0.242065429687
654    0.242065429687
655    0.242065429687
656    0.242065429687
657    0.241918945312
658    0.241918945312
659    0.241918945312
660    0.241918945312
661    0.241772460937
662    0.241772460937
663    0.241772460937
664    0.241772460937
665    0.241625976562
666    0.241625976562
667    0.241625976562
668    0.241625976562
669    0.241479492187
670    0.241479492187
671    0.241479492187
672    0.241479492187
673    0.241333007812
674    0.241333007812
675    0.241333007812
676    0.241333007812
677    0.241186523437
678    0.241186523437
679    0.241186523437
680    0.241040039062
681    0.241040039062
682    0.241040039062
683    0.241040039062
684    0.240893554687
685    0.240893554687
686    0.240893554687
687    0.240893554687
688    0.240747070312
689    0.240747070312
690    0.240747070312
691    0.240747070312
692    0.240600585937
693    0.240600585937
694    0.240600585937
695    0.240600585937
696    0.240454101562
697    0.240454101562
698    0.240454101562
699    0.240307617187
700    0.240307617187
701    0.240307617187
702    0.240307617187
703    0.240161132812
704    0.240161132812
705    0.240161132812
706    0.240161132812
707    0.240014648437
708    0.240014648437
709    0.240014648437
710    0.240014648437
711    0.239868164062
712    0.239868164062
713    0.239868164062
714    0.239721679687
715    0.239721679687
716    0.239721679687
717    0.239721679687
718    0.239575195312
719    0.239575195312
720    0.239575195312
721    0.239575195312
722    0.239428710937
723    0.239428710937
724    0.239428710937
725    0.239428710937
726    0.239282226562
727    0.239282226562
728    0.239282226562
729    0.239135742187
730    0.239135742187
731    0.239135742187
732    0.239135742187
733    0.238989257812
734    0.238989257812
735    0.238989257812
736    0.238989257812
737    0.238842773437
738    0.238842773437
739    0.238842773437
740    0.238696289062
741    0.238696289062
742    0.238696289062
743    0.238696289062
744    0.238549804687
745    0.238549804687
746    0.238549804687
747    0.238549804687
748    0.238403320312
749    0.238403320312
750    0.238403320312
751    0.238256835937
752    0.238256835937
753    0.238256835937
754    0.238256835937
755    0.238110351562
756    0.238110351562
757    0.238110351562
758    0.238110351562
759    0.237963867187
760    0.237963867187
761    0.237963867187
762    0.237817382812
763    0.237817382812
764    0.237817382812
765    0.237817382812
766    0.237670898437
767    0.237670898437
768    0.237670898437
769    0.237670898437
770    0.237524414062
771    0.237524414062
772    0.237524414062
773    0.237377929687
774    0.237377929687
775    0.237377929687
776    0.237377929687
777    0.237231445312
778    0.237231445312
779    0.237231445312
780    0.237084960937
781    0.237084960937
782    0.237084960937
783    0.237084960937
784    0.236938476562
785    0.236938476562
786    0.236938476562
787    0.236938476562
788    0.236791992187
789    0.236791992187
790    0.236791992187
791    0.236645507812
792    0.236645507812
793    0.236645507812
794    0.236645507812
795    0.236499023437
796    0.236499023437
797    0.236499023437
798    0.236352539062
799    0.236352539062
800    0.236352539062
801    0.236352539062
802    0.236206054688
803    0.236206054688
804    0.236206054688
805    0.236059570312
806    0.236059570312
807    0.236059570312
808    0.236059570312
809    0.235913085937
810    0.235913085937
811    0.235913085937
812    0.235766601563
813    0.235766601563
814    0.235766601563
815    0.235766601563
816    0.235620117187
817    0.235620117187
818    0.235620117187
819    0.235473632812
820    0.235473632812
821    0.235473632812
822    0.235473632812
823    0.235327148437
824    0.235327148437
825    0.235327148437
826    0.235180664062
827    0.235180664062
828    0.235180664062
829    0.235180664062
830    0.235034179687
831    0.235034179687
832    0.235034179687
833    0.234887695312
834    0.234887695312
835    0.234887695312
836    0.234887695312
837    0.234741210937
838    0.234741210937
839    0.234741210937
840    0.234594726562
841    0.234594726562
842    0.234594726562
843    0.234594726562
844    0.234448242187
845    0.234448242187
846    0.234448242187
847    0.234301757812
848    0.234301757812
849    0.234301757812
850    0.234155273437
851    0.234155273437
852    0.234155273437
853    0.234155273437
854    0.234008789062
855    0.234008789062
856    0.234008789062
857    0.233862304687
858    0.233862304687
859    0.233862304687
860    0.233862304687
861    0.233715820312
862    0.233715820312
863    0.233715820312
864    0.233569335937
865    0.233569335937
866    0.233569335937
867    0.233422851562
868    0.233422851562
869    0.233422851562
870    0.233422851562
871    0.233276367187
872    0.233276367187
873    0.233276367187
874    0.233129882812
875    0.233129882812
876    0.233129882812
877    0.232983398437
878    0.232983398437
879    0.232983398437
880    0.232983398437
881    0.232836914062
882    0.232836914062
883    0.232836914062
884    0.232690429687
885    0.232690429687
886    0.232690429687
887    0.232543945312
888    0.232543945312
889    0.232543945312
890    0.232543945312
891    0.232397460937
892    0.232397460937
893    0.232397460937
894    0.232250976562
895    0.232250976562
896    0.232250976562
897    0.232104492187
898    0.232104492187
899    0.232104492187
900    0.232104492187
901    0.231958007812
902    0.231958007812
903    0.231958007812
904    0.231811523437
905    0.231811523437
906    0.231811523437
907    0.231665039062
908    0.231665039062
909    0.231665039062
910    0.231665039062
911    0.231518554687
912    0.231518554687
913    0.231518554687
914    0.231372070312
915    0.231372070312
916    0.231372070312
917    0.231225585937
918    0.231225585937
919    0.231225585937
920    0.231079101562
921    0.231079101562
922    0.231079101562
923    0.231079101562
924    0.230932617187
925    0.230932617187
926    0.230932617187
927    0.230786132812
928    0.230786132812
929    0.230786132812
930    0.230639648437
931    0.230639648437
932    0.230639648437
933    0.230493164062
934    0.230493164062
935    0.230493164062
936    0.230346679688
937    0.230346679688
938    0.230346679688
939    0.230346679688
940    0.230200195312
941    0.230200195312
942    0.230200195312
943    0.230053710937
944    0.230053710937
945    0.230053710937
946    0.229907226563
947    0.229907226563
948    0.229907226563
949    0.229760742187
950    0.229760742187
951    0.229760742187
952    0.229614257812
953    0.229614257812
954    0.229614257812
955    0.229614257812
956    0.229467773437
957    0.229467773437
958    0.229467773437
959    0.229321289062
960    0.229321289062
961    0.229321289062
962    0.229174804688
963    0.229174804688
964    0.229174804688
965    0.229028320312
966    0.229028320312
967    0.229028320312
968    0.228881835938
969    0.228881835938
970    0.228881835938
971    0.228735351563
972    0.228735351563
973    0.228735351563
974    0.228588867187
975    0.228588867187
976    0.228588867187
977    0.228442382813
978    0.228442382813
979    0.228442382813
980    0.228295898437
981    0.228295898437
982    0.228295898437
983    0.228295898437
984    0.228149414062
985    0.228149414062
986    0.228149414062
987    0.228002929687
988    0.228002929687
989    0.228002929687
990    0.227856445312
991    0.227856445312
992    0.227856445312
993    0.227709960937
994    0.227709960937
995    0.227709960937
996    0.227563476562
997    0.227563476562
998    0.227563476562
999    0.227416992188
1000    0.227416992188
1001    0.227416992188
1002    0.227270507812
1003    0.227270507812
1004    0.227270507812
1005    0.227124023437
1006    0.227124023437
1007    0.227124023437
1008    0.226977539063
1009    0.226977539063
1010    0.226977539063
1011    0.226831054687
1012    0.226831054687
1013    0.226831054687
1014    0.226684570312
1015    0.226684570312
1016    0.226684570312
1017    0.226538085937
1018    0.226538085937
1019    0.226538085937
1020    0.226391601562
1021    0.226391601562
1022    0.226391601562
1023    0.226245117187
1024    0.226245117187
1025    0.226245117187
1026    0.226098632812
1027    0.226098632812
1028    0.226098632812
1029    0.225952148437
1030    0.225952148437
1031    0.225952148437
1032    0.225805664062
1033    0.225805664062
1034    0.225805664062
1035    0.225659179687
1036    0.225659179687
1037    0.225659179687
1038    0.225512695312
1039    0.225512695312
1040    0.225512695312
1041    0.225366210937
1042    0.225366210937
1043    0.225366210937
1044    0.225219726562
1045    0.225219726562
1046    0.225219726562
1047    0.225073242187
1048    0.225073242187
1049    0.225073242187
1050    0.224926757812
1051    0.224926757812
1052    0.224780273437
1053    0.224780273437
1054    0.224780273437
1055    0.224633789062
1056    0.224633789062
1057    0.224633789062
1058    0.224487304688
1059    0.224487304688
1060    0.224487304688
1061    0.224340820312
1062    0.224340820312
1063    0.224340820312
1064    0.224194335937
1065    0.224194335937
1066    0.224194335937
1067    0.224047851563
1068    0.224047851563
1069    0.224047851563
1070    0.223901367187
1071    0.223901367187
1072    0.223901367187
1073    0.223754882812
1074    0.223754882812
1075    0.223608398437
1076    0.223608398437
1077    0.223608398437
1078    0.223461914062
1079    0.223461914062
1080    0.223461914062
1081    0.223315429687
1082    0.223315429687
1083    0.223315429687
1084    0.223168945312
1085    0.223168945312
1086    0.223168945312
1087    0.223022460937
1088    0.223022460937
1089    0.223022460937
1090    0.222875976562
1091    0.222875976562
1092    0.222729492187
1093    0.222729492187
1094    0.222729492187
1095    0.222583007812
1096    0.222583007812
1097    0.222583007812
1098    0.222436523437
1099    0.222436523437
1100    0.222436523437
1101    0.222290039062
1102    0.222290039062
1103    0.222290039062
1104    0.222143554687
1105    0.222143554687
1106    0.221997070312
1107    0.221997070312
1108    0.221997070312
1109    0.221850585937
1110    0.221850585937
1111    0.221850585937
1112    0.221704101562
1113    0.221704101562
1114    0.221704101562
1115    0.221557617187
1116    0.221557617187
1117    0.221411132812
1118    0.221411132812
1119    0.221411132812
1120    0.221264648437
1121    0.221264648437
1122    0.221264648437
1123    0.221118164062
1124    0.221118164062
1125    0.220971679687
1126    0.220971679687
1127    0.220971679687
1128    0.220825195312
1129    0.220825195312
1130    0.220825195312
1131    0.220678710937
1132    0.220678710937
1133    0.220678710937
1134    0.220532226562
1135    0.220532226562
1136    0.220385742187
1137    0.220385742187
1138    0.220385742187
1139    0.220239257812
1140    0.220239257812
1141    0.220239257812
1142    0.220092773437
1143    0.220092773437
1144    0.219946289062
1145    0.219946289062
1146    0.219946289062
1147    0.219799804687
1148    0.219799804687
1149    0.219799804687
1150    0.219653320312
1151    0.219653320312
1152    0.219506835937
1153    0.219506835937
1154    0.219506835937
1155    0.219360351562
1156    0.219360351562
1157    0.219360351562
1158    0.219213867187
1159    0.219213867187
1160    0.219067382812
1161    0.219067382812
1162    0.219067382812
1163    0.218920898437
1164    0.218920898437
1165    0.218774414062
1166    0.218774414062
1167    0.218774414062
1168    0.218627929688
1169    0.218627929688
1170    0.218627929688
1171    0.218481445312
1172    0.218481445312
1173    0.218334960937
1174    0.218334960937
1175    0.218334960937
1176    0.218188476563
1177    0.218188476563
1178    0.218041992187
1179    0.218041992187
1180    0.218041992187
1181    0.217895507812
1182    0.217895507812
1183    0.217749023437
1184    0.217749023437
1185    0.217749023437
1186    0.217602539062
1187    0.217602539062
1188    0.217602539062
1189    0.217456054688
1190    0.217456054688
1191    0.217309570312
1192    0.217309570312
1193    0.217309570312
1194    0.217163085938
1195    0.217163085938
1196    0.217016601563
1197    0.217016601563
1198    0.217016601563
1199    0.216870117187
1200    0.216870117187
1201    0.216723632813
1202    0.216723632813
1203    0.216723632813
1204    0.216577148437
1205    0.216577148437
1206    0.216430664062
1207    0.216430664062
1208    0.216430664062
1209    0.216284179687
1210    0.216284179687
1211    0.216137695312
1212    0.216137695312
1213    0.216137695312
1214    0.215991210937
1215    0.215991210937
1216    0.215844726562
1217    0.215844726562
1218    0.215844726562
1219    0.215698242188
1220    0.215698242188
1221    0.215551757812
1222    0.215551757812
1223    0.215405273437
1224    0.215405273437
1225    0.215405273437
1226    0.215258789063
1227    0.215258789063
1228    0.215112304687
1229    0.215112304687
1230    0.215112304687
1231    0.214965820312
1232    0.214965820312
1233    0.214819335937
1234    0.214819335937
1235    0.214819335937
1236    0.214672851562
1237    0.214672851562
1238    0.214526367187
1239    0.214526367187
1240    0.214379882812
1241    0.214379882812
1242    0.214379882812
1243    0.214233398437
1244    0.214233398437
1245    0.214086914062
1246    0.214086914062
1247    0.214086914062
1248    0.213940429687
1249    0.213940429687
1250    0.213793945312
1251    0.213793945312
1252    0.213647460937
1253    0.213647460937
1254    0.213647460937
1255    0.213500976562
1256    0.213500976562
1257    0.213354492187
1258    0.213354492187
1259    0.213208007812
1260    0.213208007812
1261    0.213208007812
1262    0.213061523437
1263    0.213061523437
1264    0.212915039062
1265    0.212915039062
1266    0.212768554688
1267    0.212768554688
1268    0.212768554688
1269    0.212622070312
1270    0.212622070312
1271    0.212475585937
1272    0.212475585937
1273    0.212329101563
1274    0.212329101563
1275    0.212329101563
1276    0.212182617187
1277    0.212182617187
1278    0.212036132812
1279    0.212036132812
1280    0.211889648437
1281    0.211889648437
1282    0.211743164062
1283    0.211743164062
1284    0.211743164062
1285    0.211596679688
1286    0.211596679688
1287    0.211450195312
1288    0.211450195312
1289    0.211303710938
1290    0.211303710938
1291    0.211157226563
1292    0.211157226563
1293    0.211157226563
1294    0.211010742187
1295    0.211010742187
1296    0.210864257813
1297    0.210864257813
1298    0.210717773437
1299    0.210717773437
1300    0.210571289062
1301    0.210571289062
1302    0.210571289062
1303    0.210424804688
1304    0.210424804688
1305    0.210278320312
1306    0.210278320312
1307    0.210131835938
1308    0.210131835938
1309    0.209985351563
1310    0.209985351563
1311    0.209838867188
1312    0.209838867188
1313    0.209838867188
1314    0.209692382813
1315    0.209692382813
1316    0.209545898437
1317    0.209545898437
1318    0.209399414063
1319    0.209399414063
1320    0.209252929687
1321    0.209252929687
1322    0.209106445312
1323    0.209106445312
1324    0.208959960937
1325    0.208959960937
1326    0.208959960937
1327    0.208813476562
1328    0.208813476562
1329    0.208666992188
1330    0.208666992188
1331    0.208520507812
1332    0.208520507812
1333    0.208374023438
1334    0.208374023438
1335    0.208227539063
1336    0.208227539063
1337    0.208081054687
1338    0.208081054687
1339    0.207934570313
1340    0.207934570313
1341    0.207788085937
1342    0.207788085937
1343    0.207641601562
1344    0.207641601562
1345    0.207641601562
1346    0.207495117187
1347    0.207495117187
1348    0.207348632812
1349    0.207348632812
1350    0.207202148437
1351    0.207202148437
1352    0.207055664062
1353    0.207055664062
1354    0.206909179688
1355    0.206909179688
1356    0.206762695312
1357    0.206762695312
1358    0.206616210937
1359    0.206616210937
1360    0.206469726563
1361    0.206469726563
1362    0.206323242187
1363    0.206323242187
1364    0.206176757812
1365    0.206176757812
1366    0.206030273437
1367    0.206030273437
1368    0.205883789062
1369    0.205883789062
1370    0.205737304688
1371    0.205737304688
1372    0.205590820312
1373    0.205590820312
1374    0.205444335938
1375    0.205444335938
1376    0.205297851563
1377    0.205297851563
1378    0.205151367187
1379    0.205151367187
1380    0.205004882813
1381    0.205004882813
1382    0.204858398437
1383    0.204858398437
1384    0.204711914062
1385    0.204711914062
1386    0.204565429687
1387    0.204565429687
1388    0.204418945312
1389    0.204418945312
1390    0.204272460937
1391    0.204272460937
1392    0.204125976562
1393    0.204125976562
1394    0.203979492188
1395    0.203979492188
1396    0.203833007812
1397    0.203833007812
1398    0.203686523437
1399    0.203686523437
1400    0.203540039063
1401    0.203393554687
1402    0.203393554687
1403    0.203247070312
1404    0.203247070312
1405    0.203100585937
1406    0.203100585937
1407    0.202954101562
1408    0.202954101562
1409    0.202807617187
1410    0.202807617187
1411    0.202661132812
1412    0.202661132812
1413    0.202514648437
1414    0.202514648437
1415    0.202368164062
1416    0.202368164062
1417    0.202221679687
1418    0.202075195312
1419    0.202075195312
1420    0.201928710937
1421    0.201928710937
1422    0.201782226562
1423    0.201782226562
1424    0.201635742187
1425    0.201635742187
1426    0.201489257812
1427    0.201489257812
1428    0.201342773437
1429    0.201196289062
1430    0.201196289062
1431    0.201049804688
1432    0.201049804688
1433    0.200903320312
1434    0.200903320312
1435    0.200756835937
1436    0.200756835937
1437    0.200610351563
1438    0.200463867187
1439    0.200463867187
1440    0.200317382812
1441    0.200317382812
1442    0.200170898437
1443    0.200170898437
1444    0.200024414062
1445    0.199877929688
1446    0.199877929688
1447    0.199731445312
1448    0.199731445312
1449    0.199584960938
1450    0.199584960938
1451    0.199438476563
1452    0.199291992187
1453    0.199291992187
1454    0.199145507813
1455    0.199145507813
1456    0.198999023437
1457    0.198999023437
1458    0.198852539062
1459    0.198706054688
1460    0.198706054688
1461    0.198559570312
1462    0.198559570312
1463    0.198413085938
1464    0.198413085938
1465    0.198266601563
1466    0.198120117188
1467    0.198120117188
1468    0.197973632813
1469    0.197973632813
1470    0.197827148437
1471    0.197680664063
1472    0.197680664063
1473    0.197534179687
1474    0.197534179687
1475    0.197387695312
1476    0.197241210937
1477    0.197241210937
1478    0.197094726562
1479    0.197094726562
1480    0.196948242188
1481    0.196801757812
1482    0.196801757812
1483    0.196655273438
1484    0.196508789063
1485    0.196508789063
1486    0.196362304687
1487    0.196362304687
1488    0.196215820313
1489    0.196069335937
1490    0.196069335937
1491    0.195922851562
1492    0.195776367187
1493    0.195776367187
1494    0.195629882812
1495    0.195629882812
1496    0.195483398437
1497    0.195336914062
1498    0.195336914062
1499    0.195190429688
1500    0.195043945312
1501    0.195043945312
1502    0.194897460937
1503    0.194897460937
1504    0.194750976563
1505    0.194604492187
1506    0.194604492187
1507    0.194458007812
1508    0.194311523437
1509    0.194311523437
1510    0.194165039062
1511    0.194018554688
1512    0.194018554688
1513    0.193872070312
1514    0.193725585938
1515    0.193725585938
1516    0.193579101563
1517    0.193432617187
1518    0.193432617187
1519    0.193286132813
1520    0.193139648437
1521    0.193139648437
1522    0.192993164062
1523    0.192846679688
1524    0.192846679688
1525    0.192700195312
1526    0.192553710938
1527    0.192553710938
1528    0.192407226563
1529    0.192260742188
1530    0.192260742188
1531    0.192114257813
1532    0.191967773437
1533    0.191967773437
1534    0.191821289063
1535    0.191674804688
1536    0.191528320312
1537    0.191528320312
1538    0.191381835938
1539    0.191235351563
1540    0.191235351563
1541    0.191088867188
1542    0.190942382813
1543    0.190795898438
1544    0.190795898438
1545    0.190649414063
1546    0.190502929687
1547    0.190502929687
1548    0.190356445313
1549    0.190209960937
1550    0.190063476562
1551    0.190063476562
1552    0.189916992188
1553    0.189770507812
1554    0.189770507812
1555    0.189624023438
1556    0.189477539063
1557    0.189331054688
1558    0.189331054688
1559    0.189184570313
1560    0.189038085937
1561    0.188891601563
1562    0.188891601563
1563    0.188745117187
1564    0.188598632812
1565    0.188452148437
1566    0.188452148437
1567    0.188305664062
1568    0.188159179688
1569    0.188012695312
1570    0.187866210938
1571    0.187866210938
1572    0.187719726563
1573    0.187573242187
1574    0.187426757813
1575    0.187426757813
1576    0.187280273437
1577    0.187133789062
1578    0.186987304688
1579    0.186840820312
1580    0.186840820312
1581    0.186694335938
1582    0.186547851563
1583    0.186401367188
1584    0.186254882813
1585    0.186254882813
1586    0.186108398437
1587    0.185961914063
1588    0.185815429687
1589    0.185668945312
1590    0.185522460937
1591    0.185522460937
1592    0.185375976562
1593    0.185229492188
1594    0.185083007812
1595    0.184936523438
1596    0.184790039063
1597    0.184790039063
1598    0.184643554687
1599    0.184497070313
1600    0.184350585937
1601    0.184204101562
1602    0.184057617187
1603    0.183911132812
1604    0.183911132812
1605    0.183764648437
1606    0.183618164062
1607    0.183471679688
1608    0.183325195312
1609    0.183178710937
1610    0.183032226563
1611    0.182885742187
1612    0.182739257812
1613    0.182739257812
1614    0.182592773437
1615    0.182446289062
1616    0.182299804688
1617    0.182153320312
1618    0.182006835938
1619    0.181860351563
1620    0.181713867187
1621    0.181567382813
1622    0.181420898437
1623    0.181274414062
1624    0.181127929688
1625    0.180981445312
1626    0.180834960938
1627    0.180688476563
1628    0.180541992188
1629    0.180541992188
1630    0.180395507813
1631    0.180249023437
1632    0.180102539063
1633    0.179956054688
1634    0.179809570312
1635    0.179663085938
1636    0.179516601563
1637    0.179370117188
1638    0.179223632813
1639    0.178930664063
1640    0.178784179687
1641    0.178637695313
1642    0.178491210937
1643    0.178344726562
1644    0.178198242188
1645    0.178051757812
1646    0.177905273438
1647    0.177758789063
1648    0.177612304688
1649    0.177465820313
1650    0.177319335937
1651    0.177172851563
1652    0.177026367187
1653    0.176879882812
1654    0.176586914062
1655    0.176440429688
1656    0.176293945312
1657    0.176147460938
1658    0.176000976563
1659    0.175854492187
1660    0.175708007813
1661    0.175415039062
1662    0.175268554688
1663    0.175122070312
1664    0.174975585938
1665    0.174829101563
1666    0.174682617188
1667    0.174389648437
1668    0.174243164063
1669    0.174096679688
1670    0.173950195312
1671    0.173657226563
1672    0.173510742188
1673    0.173364257813
1674    0.173217773438
1675    0.172924804688
1676    0.172778320313
1677    0.172631835938
1678    0.172338867188
1679    0.172192382813
1680    0.172045898438
1681    0.171752929688
1682    0.171606445313
1683    0.171459960937
1684    0.171166992188
1685    0.171020507812
1686    0.170727539063
1687    0.170581054688
1688    0.170434570313
1689    0.170141601563
1690    0.169995117187
1691    0.169702148437
1692    0.169555664062
1693    0.169262695312
1694    0.169116210938
1695    0.168823242188
1696    0.168676757813
1697    0.168383789063
1698    0.168090820312
1699    0.167944335938
1700    0.167651367188
1701    0.167358398438
1702    0.167211914063
1703    0.166918945313
1704    0.166625976562
1705    0.166479492188
1706    0.166186523438
1707    0.165893554688
1708    0.165600585937
1709    0.165454101563
1710    0.165161132812
1711    0.164868164062
1712    0.164575195312
1713    0.164282226563
1714    0.163989257813
1715    0.163696289062
1716    0.163403320312
1717    0.163110351563
1718    0.162817382813
1719    0.162524414063
1720    0.162231445312
1721    0.161938476562
1722    0.161645507812
1723    0.161206054687
1724    0.160913085937
1725    0.160620117187
1726    0.160180664062
1727    0.159887695312
1728    0.159448242187
1729    0.159155273437
1730    0.158715820312
1731    0.158422851563
1732    0.157983398437
1733    0.157543945312
1734    0.157104492188
1735    0.156811523437
1736    0.156372070312
1737    0.155932617187
1738    0.155346679687
1739    0.154907226562
1740    0.154467773437
1741    0.154028320312
1742    0.153442382812
1743    0.153002929688
1744    0.152416992187
1745    0.151831054688
1746    0.151245117188
1747    0.150659179687
1748    0.150073242188
1749    0.149340820313
1750    0.148754882812
1751    0.148022460937
1752    0.147290039062
1753    0.146557617187
1754    0.145825195312
1755    0.144946289063
1756    0.144067382813
1757    0.143188476562
1758    0.142163085937
1759    0.141137695312
1760    0.140112304688
1761    0.138940429687
1762    0.137768554687
1763    0.136450195312
1764    0.134985351563
1765    0.133520507812
1766    0.131762695312
1767    0.130004882812
1768    0.128100585937
1769    0.125903320312
1770    0.123559570312
1771    0.120922851562
1772    0.117993164062
1773    0.114624023438
1774    0.110815429687
1775    0.106274414062
1776    0.101000976562
1777    0.0947021484375
1778    0.0870849609375
1779    0.0774169921875
1780    0.0649658203125
1781    0.0479736328125
1782    0.0233642578125
1783    0.0
1784    0.0
1785    0.0
1786    0.0
1787    0.0
1788    0.0
1789    0.0
1790    0.0
1791    0.0
1792    0.0
1793    0.0
1794    0.0
1795    0.0
1796    0.0
1797    0.0
1798    0.0
1799    0.0
